location,horizon,output_type_id,value,target_end_date,reference_date,output_type,target
01,-1,0.01,50.85825212592964,2024-02-24,2024-02-24,quantile,wk inc flu hosp
02,-1,0.01,0.0,2024-02-24,2024-02-24,quantile,wk inc flu hosp
04,-1,0.01,57.626933591808395,2024-02-24,2024-02-24,quantile,wk inc flu hosp
05,-1,0.01,124.40261167701809,2024-02-24,2024-02-24,quantile,wk inc flu hosp
06,-1,0.01,101.65356235785639,2024-02-24,2024-02-24,quantile,wk inc flu hosp
08,-1,0.01,66.01684595011521,2024-02-24,2024-02-24,quantile,wk inc flu hosp
09,-1,0.01,50.299134509862235,2024-02-24,2024-02-24,quantile,wk inc flu hosp
10,-1,0.01,9.772820136401144,2024-02-24,2024-02-24,quantile,wk inc flu hosp
11,-1,0.01,5.764675128408439,2024-02-24,2024-02-24,quantile,wk inc flu hosp
12,-1,0.01,389.13064688711705,2024-02-24,2024-02-24,quantile,wk inc flu hosp
13,-1,0.01,99.25306238875022,2024-02-24,2024-02-24,quantile,wk inc flu hosp
15,-1,0.01,0.0,2024-02-24,2024-02-24,quantile,wk inc flu hosp
16,-1,0.01,19.707661544320857,2024-02-24,2024-02-24,quantile,wk inc flu hosp
17,-1,0.01,140.76290187213712,2024-02-24,2024-02-24,quantile,wk inc flu hosp
18,-1,0.01,217.6277232377412,2024-02-24,2024-02-24,quantile,wk inc flu hosp
19,-1,0.01,60.12276462220744,2024-02-24,2024-02-24,quantile,wk inc flu hosp
20,-1,0.01,95.48123718594354,2024-02-24,2024-02-24,quantile,wk inc flu hosp
21,-1,0.01,153.2878109889536,2024-02-24,2024-02-24,quantile,wk inc flu hosp
22,-1,0.01,25.992437134365883,2024-02-24,2024-02-24,quantile,wk inc flu hosp
23,-1,0.01,37.97895168672136,2024-02-24,2024-02-24,quantile,wk inc flu hosp
24,-1,0.01,61.209264805893156,2024-02-24,2024-02-24,quantile,wk inc flu hosp
25,-1,0.01,326.0380511171772,2024-02-24,2024-02-24,quantile,wk inc flu hosp
26,-1,0.01,461.6776288575514,2024-02-24,2024-02-24,quantile,wk inc flu hosp
27,-1,0.01,99.26797069449421,2024-02-24,2024-02-24,quantile,wk inc flu hosp
28,-1,0.01,29.55897260546538,2024-02-24,2024-02-24,quantile,wk inc flu hosp
29,-1,0.01,185.45311653497606,2024-02-24,2024-02-24,quantile,wk inc flu hosp
30,-1,0.01,2.116301811653017,2024-02-24,2024-02-24,quantile,wk inc flu hosp
31,-1,0.01,25.046060281977933,2024-02-24,2024-02-24,quantile,wk inc flu hosp
32,-1,0.01,18.20949288461768,2024-02-24,2024-02-24,quantile,wk inc flu hosp
33,-1,0.01,15.117071015205351,2024-02-24,2024-02-24,quantile,wk inc flu hosp
34,-1,0.01,194.637182557183,2024-02-24,2024-02-24,quantile,wk inc flu hosp
35,-1,0.01,30.108347528939944,2024-02-24,2024-02-24,quantile,wk inc flu hosp
36,-1,0.01,499.6608644727783,2024-02-24,2024-02-24,quantile,wk inc flu hosp
37,-1,0.01,83.44306657946602,2024-02-24,2024-02-24,quantile,wk inc flu hosp
38,-1,0.01,7.696301222727525,2024-02-24,2024-02-24,quantile,wk inc flu hosp
39,-1,0.01,337.6336671701176,2024-02-24,2024-02-24,quantile,wk inc flu hosp
40,-1,0.01,182.61021635983064,2024-02-24,2024-02-24,quantile,wk inc flu hosp
41,-1,0.01,21.780101704795918,2024-02-24,2024-02-24,quantile,wk inc flu hosp
42,-1,0.01,284.1877323423741,2024-02-24,2024-02-24,quantile,wk inc flu hosp
44,-1,0.01,10.496434950432091,2024-02-24,2024-02-24,quantile,wk inc flu hosp
45,-1,0.01,61.5546139508629,2024-02-24,2024-02-24,quantile,wk inc flu hosp
46,-1,0.01,8.194890746440137,2024-02-24,2024-02-24,quantile,wk inc flu hosp
47,-1,0.01,85.87063921721376,2024-02-24,2024-02-24,quantile,wk inc flu hosp
48,-1,0.01,510.77828800752354,2024-02-24,2024-02-24,quantile,wk inc flu hosp
49,-1,0.01,2.9317241029713337,2024-02-24,2024-02-24,quantile,wk inc flu hosp
50,-1,0.01,6.054173056911583,2024-02-24,2024-02-24,quantile,wk inc flu hosp
51,-1,0.01,99.41959903843906,2024-02-24,2024-02-24,quantile,wk inc flu hosp
53,-1,0.01,20.661999120236043,2024-02-24,2024-02-24,quantile,wk inc flu hosp
54,-1,0.01,96.8168875922439,2024-02-24,2024-02-24,quantile,wk inc flu hosp
55,-1,0.01,103.09320537387353,2024-02-24,2024-02-24,quantile,wk inc flu hosp
56,-1,0.01,14.755470538298832,2024-02-24,2024-02-24,quantile,wk inc flu hosp
72,-1,0.01,21.9227550531102,2024-02-24,2024-02-24,quantile,wk inc flu hosp
US,-1,0.01,6769.381514515544,2024-02-24,2024-02-24,quantile,wk inc flu hosp
01,-1,0.025,61.077786019847856,2024-02-24,2024-02-24,quantile,wk inc flu hosp
02,-1,0.025,0.0,2024-02-24,2024-02-24,quantile,wk inc flu hosp
04,-1,0.025,72.90656258994473,2024-02-24,2024-02-24,quantile,wk inc flu hosp
05,-1,0.025,137.32942217161002,2024-02-24,2024-02-24,quantile,wk inc flu hosp
06,-1,0.025,124.36802329250688,2024-02-24,2024-02-24,quantile,wk inc flu hosp
08,-1,0.025,70.65198017123024,2024-02-24,2024-02-24,quantile,wk inc flu hosp
09,-1,0.025,57.66722765817578,2024-02-24,2024-02-24,quantile,wk inc flu hosp
10,-1,0.025,13.394476077205267,2024-02-24,2024-02-24,quantile,wk inc flu hosp
11,-1,0.025,6.904093121646237,2024-02-24,2024-02-24,quantile,wk inc flu hosp
12,-1,0.025,413.4344689563353,2024-02-24,2024-02-24,quantile,wk inc flu hosp
13,-1,0.025,110.57949331054918,2024-02-24,2024-02-24,quantile,wk inc flu hosp
15,-1,0.025,0.6760817081415544,2024-02-24,2024-02-24,quantile,wk inc flu hosp
16,-1,0.025,22.99102054208879,2024-02-24,2024-02-24,quantile,wk inc flu hosp
17,-1,0.025,156.66435231278737,2024-02-24,2024-02-24,quantile,wk inc flu hosp
18,-1,0.025,233.7075590165127,2024-02-24,2024-02-24,quantile,wk inc flu hosp
19,-1,0.025,69.06017798451937,2024-02-24,2024-02-24,quantile,wk inc flu hosp
20,-1,0.025,103.0232794128541,2024-02-24,2024-02-24,quantile,wk inc flu hosp
21,-1,0.025,162.74250672258896,2024-02-24,2024-02-24,quantile,wk inc flu hosp
22,-1,0.025,29.068398292413395,2024-02-24,2024-02-24,quantile,wk inc flu hosp
23,-1,0.025,44.90367085686591,2024-02-24,2024-02-24,quantile,wk inc flu hosp
24,-1,0.025,68.34598394543004,2024-02-24,2024-02-24,quantile,wk inc flu hosp
25,-1,0.025,342.75366879424496,2024-02-24,2024-02-24,quantile,wk inc flu hosp
26,-1,0.025,508.98769022057985,2024-02-24,2024-02-24,quantile,wk inc flu hosp
27,-1,0.025,111.40865897590483,2024-02-24,2024-02-24,quantile,wk inc flu hosp
28,-1,0.025,33.877864693314194,2024-02-24,2024-02-24,quantile,wk inc flu hosp
29,-1,0.025,206.38748931077544,2024-02-24,2024-02-24,quantile,wk inc flu hosp
30,-1,0.025,3.1907608085244954,2024-02-24,2024-02-24,quantile,wk inc flu hosp
31,-1,0.025,30.516302356132766,2024-02-24,2024-02-24,quantile,wk inc flu hosp
32,-1,0.025,21.920124624390457,2024-02-24,2024-02-24,quantile,wk inc flu hosp
33,-1,0.025,17.61033746207397,2024-02-24,2024-02-24,quantile,wk inc flu hosp
34,-1,0.025,210.41802834255327,2024-02-24,2024-02-24,quantile,wk inc flu hosp
35,-1,0.025,33.77360230637437,2024-02-24,2024-02-24,quantile,wk inc flu hosp
36,-1,0.025,525.8900207644621,2024-02-24,2024-02-24,quantile,wk inc flu hosp
37,-1,0.025,94.05437169298841,2024-02-24,2024-02-24,quantile,wk inc flu hosp
38,-1,0.025,9.800025735682805,2024-02-24,2024-02-24,quantile,wk inc flu hosp
39,-1,0.025,378.62141703526135,2024-02-24,2024-02-24,quantile,wk inc flu hosp
40,-1,0.025,200.37758498512707,2024-02-24,2024-02-24,quantile,wk inc flu hosp
41,-1,0.025,26.469538342466066,2024-02-24,2024-02-24,quantile,wk inc flu hosp
42,-1,0.025,314.6160319537119,2024-02-24,2024-02-24,quantile,wk inc flu hosp
44,-1,0.025,12.918434453011425,2024-02-24,2024-02-24,quantile,wk inc flu hosp
45,-1,0.025,68.54649965755189,2024-02-24,2024-02-24,quantile,wk inc flu hosp
46,-1,0.025,9.783533092310277,2024-02-24,2024-02-24,quantile,wk inc flu hosp
47,-1,0.025,99.09792252783483,2024-02-24,2024-02-24,quantile,wk inc flu hosp
48,-1,0.025,558.333919185756,2024-02-24,2024-02-24,quantile,wk inc flu hosp
49,-1,0.025,4.8679677384808,2024-02-24,2024-02-24,quantile,wk inc flu hosp
50,-1,0.025,7.906616256405091,2024-02-24,2024-02-24,quantile,wk inc flu hosp
51,-1,0.025,109.043782884336,2024-02-24,2024-02-24,quantile,wk inc flu hosp
53,-1,0.025,24.283240895534853,2024-02-24,2024-02-24,quantile,wk inc flu hosp
54,-1,0.025,108.05028592527654,2024-02-24,2024-02-24,quantile,wk inc flu hosp
55,-1,0.025,115.17936286085589,2024-02-24,2024-02-24,quantile,wk inc flu hosp
56,-1,0.025,18.452200374875538,2024-02-24,2024-02-24,quantile,wk inc flu hosp
72,-1,0.025,25.844766022129775,2024-02-24,2024-02-24,quantile,wk inc flu hosp
US,-1,0.025,7328.311656077043,2024-02-24,2024-02-24,quantile,wk inc flu hosp
01,-1,0.05,68.83795498117398,2024-02-24,2024-02-24,quantile,wk inc flu hosp
02,-1,0.05,0.0,2024-02-24,2024-02-24,quantile,wk inc flu hosp
04,-1,0.05,79.88151649043071,2024-02-24,2024-02-24,quantile,wk inc flu hosp
05,-1,0.05,146.41003829531826,2024-02-24,2024-02-24,quantile,wk inc flu hosp
06,-1,0.05,145.32238653120984,2024-02-24,2024-02-24,quantile,wk inc flu hosp
08,-1,0.05,75.49332075164625,2024-02-24,2024-02-24,quantile,wk inc flu hosp
09,-1,0.05,64.77083665488523,2024-02-24,2024-02-24,quantile,wk inc flu hosp
10,-1,0.05,16.53303314821098,2024-02-24,2024-02-24,quantile,wk inc flu hosp
11,-1,0.05,8.33665391276794,2024-02-24,2024-02-24,quantile,wk inc flu hosp
12,-1,0.05,434.44466890470414,2024-02-24,2024-02-24,quantile,wk inc flu hosp
13,-1,0.05,120.26051258307409,2024-02-24,2024-02-24,quantile,wk inc flu hosp
15,-1,0.05,1.8301978845466451,2024-02-24,2024-02-24,quantile,wk inc flu hosp
16,-1,0.05,27.382660739219837,2024-02-24,2024-02-24,quantile,wk inc flu hosp
17,-1,0.05,167.6490695228009,2024-02-24,2024-02-24,quantile,wk inc flu hosp
18,-1,0.05,248.54849247624293,2024-02-24,2024-02-24,quantile,wk inc flu hosp
19,-1,0.05,77.43693799101885,2024-02-24,2024-02-24,quantile,wk inc flu hosp
20,-1,0.05,111.2166867777773,2024-02-24,2024-02-24,quantile,wk inc flu hosp
21,-1,0.05,184.05105924214405,2024-02-24,2024-02-24,quantile,wk inc flu hosp
22,-1,0.05,33.961877662134,2024-02-24,2024-02-24,quantile,wk inc flu hosp
23,-1,0.05,50.327461508404,2024-02-24,2024-02-24,quantile,wk inc flu hosp
24,-1,0.05,75.4412682445698,2024-02-24,2024-02-24,quantile,wk inc flu hosp
25,-1,0.05,362.30316138540445,2024-02-24,2024-02-24,quantile,wk inc flu hosp
26,-1,0.05,559.8513798320431,2024-02-24,2024-02-24,quantile,wk inc flu hosp
27,-1,0.05,118.69465015884875,2024-02-24,2024-02-24,quantile,wk inc flu hosp
28,-1,0.05,37.52382597200362,2024-02-24,2024-02-24,quantile,wk inc flu hosp
29,-1,0.05,219.22119465769575,2024-02-24,2024-02-24,quantile,wk inc flu hosp
30,-1,0.05,4.1446993440806414,2024-02-24,2024-02-24,quantile,wk inc flu hosp
31,-1,0.05,33.50996966694464,2024-02-24,2024-02-24,quantile,wk inc flu hosp
32,-1,0.05,24.995771359665454,2024-02-24,2024-02-24,quantile,wk inc flu hosp
33,-1,0.05,20.155555163117832,2024-02-24,2024-02-24,quantile,wk inc flu hosp
34,-1,0.05,231.4599589500569,2024-02-24,2024-02-24,quantile,wk inc flu hosp
35,-1,0.05,38.35733870737515,2024-02-24,2024-02-24,quantile,wk inc flu hosp
36,-1,0.05,563.4855266918033,2024-02-24,2024-02-24,quantile,wk inc flu hosp
37,-1,0.05,102.65706002527719,2024-02-24,2024-02-24,quantile,wk inc flu hosp
38,-1,0.05,11.863932755253416,2024-02-24,2024-02-24,quantile,wk inc flu hosp
39,-1,0.05,397.97001114139334,2024-02-24,2024-02-24,quantile,wk inc flu hosp
40,-1,0.05,221.3499357918541,2024-02-24,2024-02-24,quantile,wk inc flu hosp
41,-1,0.05,29.554206978853113,2024-02-24,2024-02-24,quantile,wk inc flu hosp
42,-1,0.05,338.71403160812997,2024-02-24,2024-02-24,quantile,wk inc flu hosp
44,-1,0.05,14.800601927817173,2024-02-24,2024-02-24,quantile,wk inc flu hosp
45,-1,0.05,77.20543870454324,2024-02-24,2024-02-24,quantile,wk inc flu hosp
46,-1,0.05,11.714243651895679,2024-02-24,2024-02-24,quantile,wk inc flu hosp
47,-1,0.05,108.70189636809097,2024-02-24,2024-02-24,quantile,wk inc flu hosp
48,-1,0.05,586.0936742783617,2024-02-24,2024-02-24,quantile,wk inc flu hosp
49,-1,0.05,6.642276701719505,2024-02-24,2024-02-24,quantile,wk inc flu hosp
50,-1,0.05,9.366292632493455,2024-02-24,2024-02-24,quantile,wk inc flu hosp
51,-1,0.05,118.16413418162577,2024-02-24,2024-02-24,quantile,wk inc flu hosp
53,-1,0.05,29.095736013525645,2024-02-24,2024-02-24,quantile,wk inc flu hosp
54,-1,0.05,117.18091296377403,2024-02-24,2024-02-24,quantile,wk inc flu hosp
55,-1,0.05,125.75338576696258,2024-02-24,2024-02-24,quantile,wk inc flu hosp
56,-1,0.05,21.84168909622979,2024-02-24,2024-02-24,quantile,wk inc flu hosp
72,-1,0.05,29.350974697020977,2024-02-24,2024-02-24,quantile,wk inc flu hosp
US,-1,0.05,7664.46475892264,2024-02-24,2024-02-24,quantile,wk inc flu hosp
01,-1,0.1,77.29538472547931,2024-02-24,2024-02-24,quantile,wk inc flu hosp
02,-1,0.1,0.0,2024-02-24,2024-02-24,quantile,wk inc flu hosp
04,-1,0.1,91.62371505462423,2024-02-24,2024-02-24,quantile,wk inc flu hosp
05,-1,0.1,160.49996229803156,2024-02-24,2024-02-24,quantile,wk inc flu hosp
06,-1,0.1,172.79516932648602,2024-02-24,2024-02-24,quantile,wk inc flu hosp
08,-1,0.1,83.5120931927474,2024-02-24,2024-02-24,quantile,wk inc flu hosp
09,-1,0.1,73.66913718475871,2024-02-24,2024-02-24,quantile,wk inc flu hosp
10,-1,0.1,20.58429869638481,2024-02-24,2024-02-24,quantile,wk inc flu hosp
11,-1,0.1,10.266655500582555,2024-02-24,2024-02-24,quantile,wk inc flu hosp
12,-1,0.1,464.61123600720475,2024-02-24,2024-02-24,quantile,wk inc flu hosp
13,-1,0.1,129.71123177797304,2024-02-24,2024-02-24,quantile,wk inc flu hosp
15,-1,0.1,2.944768012108356,2024-02-24,2024-02-24,quantile,wk inc flu hosp
16,-1,0.1,32.07629787526679,2024-02-24,2024-02-24,quantile,wk inc flu hosp
17,-1,0.1,183.13845411055883,2024-02-24,2024-02-24,quantile,wk inc flu hosp
18,-1,0.1,265.17781840553033,2024-02-24,2024-02-24,quantile,wk inc flu hosp
19,-1,0.1,83.62317045468039,2024-02-24,2024-02-24,quantile,wk inc flu hosp
20,-1,0.1,122.80069316009698,2024-02-24,2024-02-24,quantile,wk inc flu hosp
21,-1,0.1,202.86002472138247,2024-02-24,2024-02-24,quantile,wk inc flu hosp
22,-1,0.1,40.64167266687812,2024-02-24,2024-02-24,quantile,wk inc flu hosp
23,-1,0.1,56.86096186406649,2024-02-24,2024-02-24,quantile,wk inc flu hosp
24,-1,0.1,82.14279620160103,2024-02-24,2024-02-24,quantile,wk inc flu hosp
25,-1,0.1,392.06253548529355,2024-02-24,2024-02-24,quantile,wk inc flu hosp
26,-1,0.1,600.2136590527559,2024-02-24,2024-02-24,quantile,wk inc flu hosp
27,-1,0.1,128.13030952717247,2024-02-24,2024-02-24,quantile,wk inc flu hosp
28,-1,0.1,43.39200276831222,2024-02-24,2024-02-24,quantile,wk inc flu hosp
29,-1,0.1,238.72859038155343,2024-02-24,2024-02-24,quantile,wk inc flu hosp
30,-1,0.1,5.765932044158112,2024-02-24,2024-02-24,quantile,wk inc flu hosp
31,-1,0.1,36.37888219953287,2024-02-24,2024-02-24,quantile,wk inc flu hosp
32,-1,0.1,28.76365259619199,2024-02-24,2024-02-24,quantile,wk inc flu hosp
33,-1,0.1,23.212641131616653,2024-02-24,2024-02-24,quantile,wk inc flu hosp
34,-1,0.1,251.02712259947555,2024-02-24,2024-02-24,quantile,wk inc flu hosp
35,-1,0.1,44.51773377580269,2024-02-24,2024-02-24,quantile,wk inc flu hosp
36,-1,0.1,593.5458440672606,2024-02-24,2024-02-24,quantile,wk inc flu hosp
37,-1,0.1,112.39876139663929,2024-02-24,2024-02-24,quantile,wk inc flu hosp
38,-1,0.1,13.793549995948863,2024-02-24,2024-02-24,quantile,wk inc flu hosp
39,-1,0.1,425.0423770434377,2024-02-24,2024-02-24,quantile,wk inc flu hosp
40,-1,0.1,247.82641930961378,2024-02-24,2024-02-24,quantile,wk inc flu hosp
41,-1,0.1,35.90943115911381,2024-02-24,2024-02-24,quantile,wk inc flu hosp
42,-1,0.1,376.86360976360976,2024-02-24,2024-02-24,quantile,wk inc flu hosp
44,-1,0.1,16.881930415792016,2024-02-24,2024-02-24,quantile,wk inc flu hosp
45,-1,0.1,86.59115633364944,2024-02-24,2024-02-24,quantile,wk inc flu hosp
46,-1,0.1,14.243096725423575,2024-02-24,2024-02-24,quantile,wk inc flu hosp
47,-1,0.1,122.08331060821533,2024-02-24,2024-02-24,quantile,wk inc flu hosp
48,-1,0.1,619.6602983801084,2024-02-24,2024-02-24,quantile,wk inc flu hosp
49,-1,0.1,8.623652946747544,2024-02-24,2024-02-24,quantile,wk inc flu hosp
50,-1,0.1,10.711119765796978,2024-02-24,2024-02-24,quantile,wk inc flu hosp
51,-1,0.1,132.76696684013206,2024-02-24,2024-02-24,quantile,wk inc flu hosp
53,-1,0.1,36.29840331861804,2024-02-24,2024-02-24,quantile,wk inc flu hosp
54,-1,0.1,128.5774390313082,2024-02-24,2024-02-24,quantile,wk inc flu hosp
55,-1,0.1,138.364379436711,2024-02-24,2024-02-24,quantile,wk inc flu hosp
56,-1,0.1,25.344556526755994,2024-02-24,2024-02-24,quantile,wk inc flu hosp
72,-1,0.1,33.81235629648737,2024-02-24,2024-02-24,quantile,wk inc flu hosp
US,-1,0.1,8044.09018791816,2024-02-24,2024-02-24,quantile,wk inc flu hosp
01,-1,0.15,83.50344016421616,2024-02-24,2024-02-24,quantile,wk inc flu hosp
02,-1,0.15,0.0,2024-02-24,2024-02-24,quantile,wk inc flu hosp
04,-1,0.15,99.52893024090713,2024-02-24,2024-02-24,quantile,wk inc flu hosp
05,-1,0.15,168.7805629895384,2024-02-24,2024-02-24,quantile,wk inc flu hosp
06,-1,0.15,189.63011810490883,2024-02-24,2024-02-24,quantile,wk inc flu hosp
08,-1,0.15,87.78827548958044,2024-02-24,2024-02-24,quantile,wk inc flu hosp
09,-1,0.15,80.37634654897906,2024-02-24,2024-02-24,quantile,wk inc flu hosp
10,-1,0.15,22.949219236787894,2024-02-24,2024-02-24,quantile,wk inc flu hosp
11,-1,0.15,11.3845932738189,2024-02-24,2024-02-24,quantile,wk inc flu hosp
12,-1,0.15,484.00751258523894,2024-02-24,2024-02-24,quantile,wk inc flu hosp
13,-1,0.15,137.75871059892583,2024-02-24,2024-02-24,quantile,wk inc flu hosp
15,-1,0.15,3.8943433026667607,2024-02-24,2024-02-24,quantile,wk inc flu hosp
16,-1,0.15,35.51250620585896,2024-02-24,2024-02-24,quantile,wk inc flu hosp
17,-1,0.15,196.02612574072174,2024-02-24,2024-02-24,quantile,wk inc flu hosp
18,-1,0.15,278.56905038809435,2024-02-24,2024-02-24,quantile,wk inc flu hosp
19,-1,0.15,89.38397015729986,2024-02-24,2024-02-24,quantile,wk inc flu hosp
20,-1,0.15,130.07737420001956,2024-02-24,2024-02-24,quantile,wk inc flu hosp
21,-1,0.15,214.95115197600975,2024-02-24,2024-02-24,quantile,wk inc flu hosp
22,-1,0.15,44.943813479390734,2024-02-24,2024-02-24,quantile,wk inc flu hosp
23,-1,0.15,61.10024961487897,2024-02-24,2024-02-24,quantile,wk inc flu hosp
24,-1,0.15,87.97715029095983,2024-02-24,2024-02-24,quantile,wk inc flu hosp
25,-1,0.15,407.21121319036826,2024-02-24,2024-02-24,quantile,wk inc flu hosp
26,-1,0.15,630.7247783387792,2024-02-24,2024-02-24,quantile,wk inc flu hosp
27,-1,0.15,134.39814257779324,2024-02-24,2024-02-24,quantile,wk inc flu hosp
28,-1,0.15,47.24718185293142,2024-02-24,2024-02-24,quantile,wk inc flu hosp
29,-1,0.15,249.44044585270717,2024-02-24,2024-02-24,quantile,wk inc flu hosp
30,-1,0.15,6.856035186959277,2024-02-24,2024-02-24,quantile,wk inc flu hosp
31,-1,0.15,39.25488421080874,2024-02-24,2024-02-24,quantile,wk inc flu hosp
32,-1,0.15,31.705555988098638,2024-02-24,2024-02-24,quantile,wk inc flu hosp
33,-1,0.15,25.60085769000502,2024-02-24,2024-02-24,quantile,wk inc flu hosp
34,-1,0.15,268.3679081577315,2024-02-24,2024-02-24,quantile,wk inc flu hosp
35,-1,0.15,47.9115328112253,2024-02-24,2024-02-24,quantile,wk inc flu hosp
36,-1,0.15,616.1354636938694,2024-02-24,2024-02-24,quantile,wk inc flu hosp
37,-1,0.15,119.17734328112137,2024-02-24,2024-02-24,quantile,wk inc flu hosp
38,-1,0.15,16.089350811266662,2024-02-24,2024-02-24,quantile,wk inc flu hosp
39,-1,0.15,442.0787845205549,2024-02-24,2024-02-24,quantile,wk inc flu hosp
40,-1,0.15,261.41418840522874,2024-02-24,2024-02-24,quantile,wk inc flu hosp
41,-1,0.15,39.923375373985536,2024-02-24,2024-02-24,quantile,wk inc flu hosp
42,-1,0.15,401.2844664807152,2024-02-24,2024-02-24,quantile,wk inc flu hosp
44,-1,0.15,19.13622428557526,2024-02-24,2024-02-24,quantile,wk inc flu hosp
45,-1,0.15,92.91659241993582,2024-02-24,2024-02-24,quantile,wk inc flu hosp
46,-1,0.15,16.294482140044355,2024-02-24,2024-02-24,quantile,wk inc flu hosp
47,-1,0.15,130.24467989447766,2024-02-24,2024-02-24,quantile,wk inc flu hosp
48,-1,0.15,641.061243531578,2024-02-24,2024-02-24,quantile,wk inc flu hosp
49,-1,0.15,10.090808635444409,2024-02-24,2024-02-24,quantile,wk inc flu hosp
50,-1,0.15,11.73597144777592,2024-02-24,2024-02-24,quantile,wk inc flu hosp
51,-1,0.15,142.2508713661085,2024-02-24,2024-02-24,quantile,wk inc flu hosp
53,-1,0.15,40.91915255308799,2024-02-24,2024-02-24,quantile,wk inc flu hosp
54,-1,0.15,136.63439893303706,2024-02-24,2024-02-24,quantile,wk inc flu hosp
55,-1,0.15,146.8076569061303,2024-02-24,2024-02-24,quantile,wk inc flu hosp
56,-1,0.15,28.322793140199234,2024-02-24,2024-02-24,quantile,wk inc flu hosp
72,-1,0.15,36.686531229239016,2024-02-24,2024-02-24,quantile,wk inc flu hosp
US,-1,0.15,8334.961980521088,2024-02-24,2024-02-24,quantile,wk inc flu hosp
01,-1,0.2,88.90432238311406,2024-02-24,2024-02-24,quantile,wk inc flu hosp
02,-1,0.2,0.0,2024-02-24,2024-02-24,quantile,wk inc flu hosp
04,-1,0.2,107.12519437298974,2024-02-24,2024-02-24,quantile,wk inc flu hosp
05,-1,0.2,176.17619113508084,2024-02-24,2024-02-24,quantile,wk inc flu hosp
06,-1,0.2,206.43002885871906,2024-02-24,2024-02-24,quantile,wk inc flu hosp
08,-1,0.2,93.39275510923224,2024-02-24,2024-02-24,quantile,wk inc flu hosp
09,-1,0.2,84.86433906622828,2024-02-24,2024-02-24,quantile,wk inc flu hosp
10,-1,0.2,25.239855325688044,2024-02-24,2024-02-24,quantile,wk inc flu hosp
11,-1,0.2,12.207337189327593,2024-02-24,2024-02-24,quantile,wk inc flu hosp
12,-1,0.2,501.8283058577326,2024-02-24,2024-02-24,quantile,wk inc flu hosp
13,-1,0.2,144.90279263234638,2024-02-24,2024-02-24,quantile,wk inc flu hosp
15,-1,0.2,4.876432858015631,2024-02-24,2024-02-24,quantile,wk inc flu hosp
16,-1,0.2,38.277069044318736,2024-02-24,2024-02-24,quantile,wk inc flu hosp
17,-1,0.2,204.46249985011943,2024-02-24,2024-02-24,quantile,wk inc flu hosp
18,-1,0.2,287.7716442909221,2024-02-24,2024-02-24,quantile,wk inc flu hosp
19,-1,0.2,95.35835533015607,2024-02-24,2024-02-24,quantile,wk inc flu hosp
20,-1,0.2,135.69383914495577,2024-02-24,2024-02-24,quantile,wk inc flu hosp
21,-1,0.2,225.3448315729162,2024-02-24,2024-02-24,quantile,wk inc flu hosp
22,-1,0.2,48.8405389932223,2024-02-24,2024-02-24,quantile,wk inc flu hosp
23,-1,0.2,64.9900663682154,2024-02-24,2024-02-24,quantile,wk inc flu hosp
24,-1,0.2,92.88523365525108,2024-02-24,2024-02-24,quantile,wk inc flu hosp
25,-1,0.2,421.7035992401924,2024-02-24,2024-02-24,quantile,wk inc flu hosp
26,-1,0.2,655.6928399931691,2024-02-24,2024-02-24,quantile,wk inc flu hosp
27,-1,0.2,139.30533402949985,2024-02-24,2024-02-24,quantile,wk inc flu hosp
28,-1,0.2,50.3445905537126,2024-02-24,2024-02-24,quantile,wk inc flu hosp
29,-1,0.2,262.4084792161363,2024-02-24,2024-02-24,quantile,wk inc flu hosp
30,-1,0.2,7.730911209076112,2024-02-24,2024-02-24,quantile,wk inc flu hosp
31,-1,0.2,41.42235080944758,2024-02-24,2024-02-24,quantile,wk inc flu hosp
32,-1,0.2,33.5297552566235,2024-02-24,2024-02-24,quantile,wk inc flu hosp
33,-1,0.2,27.416099389669412,2024-02-24,2024-02-24,quantile,wk inc flu hosp
34,-1,0.2,284.2586179614709,2024-02-24,2024-02-24,quantile,wk inc flu hosp
35,-1,0.2,52.12936698211027,2024-02-24,2024-02-24,quantile,wk inc flu hosp
36,-1,0.2,637.4247203766457,2024-02-24,2024-02-24,quantile,wk inc flu hosp
37,-1,0.2,125.76436588796366,2024-02-24,2024-02-24,quantile,wk inc flu hosp
38,-1,0.2,17.685089481466765,2024-02-24,2024-02-24,quantile,wk inc flu hosp
39,-1,0.2,455.3816476282855,2024-02-24,2024-02-24,quantile,wk inc flu hosp
40,-1,0.2,276.0194214653294,2024-02-24,2024-02-24,quantile,wk inc flu hosp
41,-1,0.2,42.56324685888737,2024-02-24,2024-02-24,quantile,wk inc flu hosp
42,-1,0.2,415.0560532208431,2024-02-24,2024-02-24,quantile,wk inc flu hosp
44,-1,0.2,20.932815296579882,2024-02-24,2024-02-24,quantile,wk inc flu hosp
45,-1,0.2,98.09568253773774,2024-02-24,2024-02-24,quantile,wk inc flu hosp
46,-1,0.2,18.176463767379797,2024-02-24,2024-02-24,quantile,wk inc flu hosp
47,-1,0.2,137.62948425459774,2024-02-24,2024-02-24,quantile,wk inc flu hosp
48,-1,0.2,660.7554306840599,2024-02-24,2024-02-24,quantile,wk inc flu hosp
49,-1,0.2,11.056439115693802,2024-02-24,2024-02-24,quantile,wk inc flu hosp
50,-1,0.2,12.614220590462764,2024-02-24,2024-02-24,quantile,wk inc flu hosp
51,-1,0.2,151.73737019218223,2024-02-24,2024-02-24,quantile,wk inc flu hosp
53,-1,0.2,43.6904496264753,2024-02-24,2024-02-24,quantile,wk inc flu hosp
54,-1,0.2,144.6690784024657,2024-02-24,2024-02-24,quantile,wk inc flu hosp
55,-1,0.2,153.36436677495976,2024-02-24,2024-02-24,quantile,wk inc flu hosp
56,-1,0.2,30.98311466753907,2024-02-24,2024-02-24,quantile,wk inc flu hosp
72,-1,0.2,39.5196124229274,2024-02-24,2024-02-24,quantile,wk inc flu hosp
US,-1,0.2,8612.870187128785,2024-02-24,2024-02-24,quantile,wk inc flu hosp
01,-1,0.25,94.67327163863968,2024-02-24,2024-02-24,quantile,wk inc flu hosp
02,-1,0.25,0.0,2024-02-24,2024-02-24,quantile,wk inc flu hosp
04,-1,0.25,114.05622789956495,2024-02-24,2024-02-24,quantile,wk inc flu hosp
05,-1,0.25,182.15908064448078,2024-02-24,2024-02-24,quantile,wk inc flu hosp
06,-1,0.25,216.0507292120494,2024-02-24,2024-02-24,quantile,wk inc flu hosp
08,-1,0.25,97.53103080227285,2024-02-24,2024-02-24,quantile,wk inc flu hosp
09,-1,0.25,90.25558421042726,2024-02-24,2024-02-24,quantile,wk inc flu hosp
10,-1,0.25,26.686988729160714,2024-02-24,2024-02-24,quantile,wk inc flu hosp
11,-1,0.25,13.168261141214433,2024-02-24,2024-02-24,quantile,wk inc flu hosp
12,-1,0.25,518.1242668627069,2024-02-24,2024-02-24,quantile,wk inc flu hosp
13,-1,0.25,150.90589289768022,2024-02-24,2024-02-24,quantile,wk inc flu hosp
15,-1,0.25,5.580556770184107,2024-02-24,2024-02-24,quantile,wk inc flu hosp
16,-1,0.25,40.85916357914182,2024-02-24,2024-02-24,quantile,wk inc flu hosp
17,-1,0.25,210.41165758903307,2024-02-24,2024-02-24,quantile,wk inc flu hosp
18,-1,0.25,295.7787773338819,2024-02-24,2024-02-24,quantile,wk inc flu hosp
19,-1,0.25,99.63307452945173,2024-02-24,2024-02-24,quantile,wk inc flu hosp
20,-1,0.25,140.38648026536572,2024-02-24,2024-02-24,quantile,wk inc flu hosp
21,-1,0.25,236.3807123993387,2024-02-24,2024-02-24,quantile,wk inc flu hosp
22,-1,0.25,51.684271052914866,2024-02-24,2024-02-24,quantile,wk inc flu hosp
23,-1,0.25,68.4382030836062,2024-02-24,2024-02-24,quantile,wk inc flu hosp
24,-1,0.25,96.30426492875202,2024-02-24,2024-02-24,quantile,wk inc flu hosp
25,-1,0.25,431.7617734627087,2024-02-24,2024-02-24,quantile,wk inc flu hosp
26,-1,0.25,674.232351663988,2024-02-24,2024-02-24,quantile,wk inc flu hosp
27,-1,0.25,143.43442603344567,2024-02-24,2024-02-24,quantile,wk inc flu hosp
28,-1,0.25,53.30046922198039,2024-02-24,2024-02-24,quantile,wk inc flu hosp
29,-1,0.25,270.78036237710126,2024-02-24,2024-02-24,quantile,wk inc flu hosp
30,-1,0.25,8.535203858535702,2024-02-24,2024-02-24,quantile,wk inc flu hosp
31,-1,0.25,43.4347088949942,2024-02-24,2024-02-24,quantile,wk inc flu hosp
32,-1,0.25,35.777799279885606,2024-02-24,2024-02-24,quantile,wk inc flu hosp
33,-1,0.25,29.119534024015422,2024-02-24,2024-02-24,quantile,wk inc flu hosp
34,-1,0.25,293.60238519554235,2024-02-24,2024-02-24,quantile,wk inc flu hosp
35,-1,0.25,55.34869854620241,2024-02-24,2024-02-24,quantile,wk inc flu hosp
36,-1,0.25,657.509526962582,2024-02-24,2024-02-24,quantile,wk inc flu hosp
37,-1,0.25,131.82378440792004,2024-02-24,2024-02-24,quantile,wk inc flu hosp
38,-1,0.25,18.99931531826544,2024-02-24,2024-02-24,quantile,wk inc flu hosp
39,-1,0.25,470.2387109862685,2024-02-24,2024-02-24,quantile,wk inc flu hosp
40,-1,0.25,286.79294341129133,2024-02-24,2024-02-24,quantile,wk inc flu hosp
41,-1,0.25,45.13850312671122,2024-02-24,2024-02-24,quantile,wk inc flu hosp
42,-1,0.25,428.1738234691343,2024-02-24,2024-02-24,quantile,wk inc flu hosp
44,-1,0.25,22.436664368276773,2024-02-24,2024-02-24,quantile,wk inc flu hosp
45,-1,0.25,103.22958480961307,2024-02-24,2024-02-24,quantile,wk inc flu hosp
46,-1,0.25,19.689408871754328,2024-02-24,2024-02-24,quantile,wk inc flu hosp
47,-1,0.25,144.8406777013198,2024-02-24,2024-02-24,quantile,wk inc flu hosp
48,-1,0.25,680.6101346818493,2024-02-24,2024-02-24,quantile,wk inc flu hosp
49,-1,0.25,12.278362542267494,2024-02-24,2024-02-24,quantile,wk inc flu hosp
50,-1,0.25,13.58836920723023,2024-02-24,2024-02-24,quantile,wk inc flu hosp
51,-1,0.25,159.53384581685535,2024-02-24,2024-02-24,quantile,wk inc flu hosp
53,-1,0.25,47.68415266852688,2024-02-24,2024-02-24,quantile,wk inc flu hosp
54,-1,0.25,152.18475679727095,2024-02-24,2024-02-24,quantile,wk inc flu hosp
55,-1,0.25,159.01554226421143,2024-02-24,2024-02-24,quantile,wk inc flu hosp
56,-1,0.25,33.482239678966124,2024-02-24,2024-02-24,quantile,wk inc flu hosp
72,-1,0.25,42.508243156301326,2024-02-24,2024-02-24,quantile,wk inc flu hosp
US,-1,0.25,8791.289791033396,2024-02-24,2024-02-24,quantile,wk inc flu hosp
01,-1,0.3,99.24938063112751,2024-02-24,2024-02-24,quantile,wk inc flu hosp
02,-1,0.3,0.0,2024-02-24,2024-02-24,quantile,wk inc flu hosp
04,-1,0.3,118.3360576858888,2024-02-24,2024-02-24,quantile,wk inc flu hosp
05,-1,0.3,188.23564658667567,2024-02-24,2024-02-24,quantile,wk inc flu hosp
06,-1,0.3,226.84690455471824,2024-02-24,2024-02-24,quantile,wk inc flu hosp
08,-1,0.3,101.12921803106906,2024-02-24,2024-02-24,quantile,wk inc flu hosp
09,-1,0.3,93.97155424827172,2024-02-24,2024-02-24,quantile,wk inc flu hosp
10,-1,0.3,28.385722129326627,2024-02-24,2024-02-24,quantile,wk inc flu hosp
11,-1,0.3,14.089162006644951,2024-02-24,2024-02-24,quantile,wk inc flu hosp
12,-1,0.3,529.5041166148195,2024-02-24,2024-02-24,quantile,wk inc flu hosp
13,-1,0.3,159.51072312762153,2024-02-24,2024-02-24,quantile,wk inc flu hosp
15,-1,0.3,6.472709350507747,2024-02-24,2024-02-24,quantile,wk inc flu hosp
16,-1,0.3,43.220617017027614,2024-02-24,2024-02-24,quantile,wk inc flu hosp
17,-1,0.3,217.77787397988453,2024-02-24,2024-02-24,quantile,wk inc flu hosp
18,-1,0.3,303.7080037212258,2024-02-24,2024-02-24,quantile,wk inc flu hosp
19,-1,0.3,102.96805383074383,2024-02-24,2024-02-24,quantile,wk inc flu hosp
20,-1,0.3,146.12251173117076,2024-02-24,2024-02-24,quantile,wk inc flu hosp
21,-1,0.3,245.2257874307866,2024-02-24,2024-02-24,quantile,wk inc flu hosp
22,-1,0.3,54.86826624169686,2024-02-24,2024-02-24,quantile,wk inc flu hosp
23,-1,0.3,71.28530158081834,2024-02-24,2024-02-24,quantile,wk inc flu hosp
24,-1,0.3,99.38110135808174,2024-02-24,2024-02-24,quantile,wk inc flu hosp
25,-1,0.3,443.28123051685327,2024-02-24,2024-02-24,quantile,wk inc flu hosp
26,-1,0.3,698.7151572351548,2024-02-24,2024-02-24,quantile,wk inc flu hosp
27,-1,0.3,147.360015230183,2024-02-24,2024-02-24,quantile,wk inc flu hosp
28,-1,0.3,56.10666599373588,2024-02-24,2024-02-24,quantile,wk inc flu hosp
29,-1,0.3,278.9970936897731,2024-02-24,2024-02-24,quantile,wk inc flu hosp
30,-1,0.3,9.2601584223788,2024-02-24,2024-02-24,quantile,wk inc flu hosp
31,-1,0.3,45.503038515237414,2024-02-24,2024-02-24,quantile,wk inc flu hosp
32,-1,0.3,37.47949479014556,2024-02-24,2024-02-24,quantile,wk inc flu hosp
33,-1,0.3,30.484944228497618,2024-02-24,2024-02-24,quantile,wk inc flu hosp
34,-1,0.3,305.1286713398575,2024-02-24,2024-02-24,quantile,wk inc flu hosp
35,-1,0.3,58.133137415809536,2024-02-24,2024-02-24,quantile,wk inc flu hosp
36,-1,0.3,673.1329324726222,2024-02-24,2024-02-24,quantile,wk inc flu hosp
37,-1,0.3,137.86796482691497,2024-02-24,2024-02-24,quantile,wk inc flu hosp
38,-1,0.3,20.43070004972442,2024-02-24,2024-02-24,quantile,wk inc flu hosp
39,-1,0.3,480.9160761563445,2024-02-24,2024-02-24,quantile,wk inc flu hosp
40,-1,0.3,296.9208513776924,2024-02-24,2024-02-24,quantile,wk inc flu hosp
41,-1,0.3,47.13863899623312,2024-02-24,2024-02-24,quantile,wk inc flu hosp
42,-1,0.3,438.9734078301303,2024-02-24,2024-02-24,quantile,wk inc flu hosp
44,-1,0.3,24.297140311208725,2024-02-24,2024-02-24,quantile,wk inc flu hosp
45,-1,0.3,107.85467731140977,2024-02-24,2024-02-24,quantile,wk inc flu hosp
46,-1,0.3,21.316372815355127,2024-02-24,2024-02-24,quantile,wk inc flu hosp
47,-1,0.3,151.29929117951653,2024-02-24,2024-02-24,quantile,wk inc flu hosp
48,-1,0.3,697.8915950646037,2024-02-24,2024-02-24,quantile,wk inc flu hosp
49,-1,0.3,13.168840947895557,2024-02-24,2024-02-24,quantile,wk inc flu hosp
50,-1,0.3,14.511982360141507,2024-02-24,2024-02-24,quantile,wk inc flu hosp
51,-1,0.3,166.23127918028248,2024-02-24,2024-02-24,quantile,wk inc flu hosp
53,-1,0.3,50.493656707655376,2024-02-24,2024-02-24,quantile,wk inc flu hosp
54,-1,0.3,157.94711965786456,2024-02-24,2024-02-24,quantile,wk inc flu hosp
55,-1,0.3,163.15819870567918,2024-02-24,2024-02-24,quantile,wk inc flu hosp
56,-1,0.3,35.36547478357065,2024-02-24,2024-02-24,quantile,wk inc flu hosp
72,-1,0.3,44.63376147101324,2024-02-24,2024-02-24,quantile,wk inc flu hosp
US,-1,0.3,9047.2320562582,2024-02-24,2024-02-24,quantile,wk inc flu hosp
01,-1,0.35,102.85102217146633,2024-02-24,2024-02-24,quantile,wk inc flu hosp
02,-1,0.35,0.135957021949415,2024-02-24,2024-02-24,quantile,wk inc flu hosp
04,-1,0.35,123.13507483987674,2024-02-24,2024-02-24,quantile,wk inc flu hosp
05,-1,0.35,193.8303705022377,2024-02-24,2024-02-24,quantile,wk inc flu hosp
06,-1,0.35,237.63905942504798,2024-02-24,2024-02-24,quantile,wk inc flu hosp
08,-1,0.35,104.76893001985067,2024-02-24,2024-02-24,quantile,wk inc flu hosp
09,-1,0.35,97.61236681378564,2024-02-24,2024-02-24,quantile,wk inc flu hosp
10,-1,0.35,29.703217624879755,2024-02-24,2024-02-24,quantile,wk inc flu hosp
11,-1,0.35,14.958762628452854,2024-02-24,2024-02-24,quantile,wk inc flu hosp
12,-1,0.35,542.9137518785425,2024-02-24,2024-02-24,quantile,wk inc flu hosp
13,-1,0.35,166.62501572182566,2024-02-24,2024-02-24,quantile,wk inc flu hosp
15,-1,0.35,7.231689245893461,2024-02-24,2024-02-24,quantile,wk inc flu hosp
16,-1,0.35,45.702018985711184,2024-02-24,2024-02-24,quantile,wk inc flu hosp
17,-1,0.35,223.6755867353172,2024-02-24,2024-02-24,quantile,wk inc flu hosp
18,-1,0.35,311.1018340760137,2024-02-24,2024-02-24,quantile,wk inc flu hosp
19,-1,0.35,106.30874547844036,2024-02-24,2024-02-24,quantile,wk inc flu hosp
20,-1,0.35,150.22009769422678,2024-02-24,2024-02-24,quantile,wk inc flu hosp
21,-1,0.35,252.2173164936776,2024-02-24,2024-02-24,quantile,wk inc flu hosp
22,-1,0.35,57.195933809446515,2024-02-24,2024-02-24,quantile,wk inc flu hosp
23,-1,0.35,75.26460734316954,2024-02-24,2024-02-24,quantile,wk inc flu hosp
24,-1,0.35,102.78424790213387,2024-02-24,2024-02-24,quantile,wk inc flu hosp
25,-1,0.35,454.11598065687485,2024-02-24,2024-02-24,quantile,wk inc flu hosp
26,-1,0.35,716.1664074921475,2024-02-24,2024-02-24,quantile,wk inc flu hosp
27,-1,0.35,151.46694223042633,2024-02-24,2024-02-24,quantile,wk inc flu hosp
28,-1,0.35,58.70879296728214,2024-02-24,2024-02-24,quantile,wk inc flu hosp
29,-1,0.35,286.29589939681387,2024-02-24,2024-02-24,quantile,wk inc flu hosp
30,-1,0.35,10.069249830562056,2024-02-24,2024-02-24,quantile,wk inc flu hosp
31,-1,0.35,47.50807244347752,2024-02-24,2024-02-24,quantile,wk inc flu hosp
32,-1,0.35,39.43772040170268,2024-02-24,2024-02-24,quantile,wk inc flu hosp
33,-1,0.35,32.24222401117565,2024-02-24,2024-02-24,quantile,wk inc flu hosp
34,-1,0.35,315.196424097801,2024-02-24,2024-02-24,quantile,wk inc flu hosp
35,-1,0.35,61.12005309368197,2024-02-24,2024-02-24,quantile,wk inc flu hosp
36,-1,0.35,689.6469706724002,2024-02-24,2024-02-24,quantile,wk inc flu hosp
37,-1,0.35,144.54539327880158,2024-02-24,2024-02-24,quantile,wk inc flu hosp
38,-1,0.35,21.781595412318154,2024-02-24,2024-02-24,quantile,wk inc flu hosp
39,-1,0.35,491.45209252676494,2024-02-24,2024-02-24,quantile,wk inc flu hosp
40,-1,0.35,304.9173068461291,2024-02-24,2024-02-24,quantile,wk inc flu hosp
41,-1,0.35,50.00635061106326,2024-02-24,2024-02-24,quantile,wk inc flu hosp
42,-1,0.35,450.3628403610728,2024-02-24,2024-02-24,quantile,wk inc flu hosp
44,-1,0.35,25.615672420267448,2024-02-24,2024-02-24,quantile,wk inc flu hosp
45,-1,0.35,110.46044640534893,2024-02-24,2024-02-24,quantile,wk inc flu hosp
46,-1,0.35,22.73815755487409,2024-02-24,2024-02-24,quantile,wk inc flu hosp
47,-1,0.35,156.25878598400624,2024-02-24,2024-02-24,quantile,wk inc flu hosp
48,-1,0.35,711.049440670269,2024-02-24,2024-02-24,quantile,wk inc flu hosp
49,-1,0.35,14.037074356658207,2024-02-24,2024-02-24,quantile,wk inc flu hosp
50,-1,0.35,15.274070163105462,2024-02-24,2024-02-24,quantile,wk inc flu hosp
51,-1,0.35,171.2785313524035,2024-02-24,2024-02-24,quantile,wk inc flu hosp
53,-1,0.35,52.805747946367816,2024-02-24,2024-02-24,quantile,wk inc flu hosp
54,-1,0.35,162.89193939298352,2024-02-24,2024-02-24,quantile,wk inc flu hosp
55,-1,0.35,168.25237498451474,2024-02-24,2024-02-24,quantile,wk inc flu hosp
56,-1,0.35,37.60440626884754,2024-02-24,2024-02-24,quantile,wk inc flu hosp
72,-1,0.35,46.38818988715049,2024-02-24,2024-02-24,quantile,wk inc flu hosp
US,-1,0.35,9270.738435121513,2024-02-24,2024-02-24,quantile,wk inc flu hosp
01,-1,0.4,107.66308844863399,2024-02-24,2024-02-24,quantile,wk inc flu hosp
02,-1,0.4,0.3297670654511378,2024-02-24,2024-02-24,quantile,wk inc flu hosp
04,-1,0.4,128.88701794639874,2024-02-24,2024-02-24,quantile,wk inc flu hosp
05,-1,0.4,199.61028475514675,2024-02-24,2024-02-24,quantile,wk inc flu hosp
06,-1,0.4,249.04878974853776,2024-02-24,2024-02-24,quantile,wk inc flu hosp
08,-1,0.4,108.33276324739742,2024-02-24,2024-02-24,quantile,wk inc flu hosp
09,-1,0.4,101.61072920971043,2024-02-24,2024-02-24,quantile,wk inc flu hosp
10,-1,0.4,31.444415467807435,2024-02-24,2024-02-24,quantile,wk inc flu hosp
11,-1,0.4,15.674304953276215,2024-02-24,2024-02-24,quantile,wk inc flu hosp
12,-1,0.4,552.4973182557965,2024-02-24,2024-02-24,quantile,wk inc flu hosp
13,-1,0.4,171.87238385082406,2024-02-24,2024-02-24,quantile,wk inc flu hosp
15,-1,0.4,7.932486597599052,2024-02-24,2024-02-24,quantile,wk inc flu hosp
16,-1,0.4,47.422405405252896,2024-02-24,2024-02-24,quantile,wk inc flu hosp
17,-1,0.4,230.21783762474925,2024-02-24,2024-02-24,quantile,wk inc flu hosp
18,-1,0.4,318.48731684574517,2024-02-24,2024-02-24,quantile,wk inc flu hosp
19,-1,0.4,109.87534967638923,2024-02-24,2024-02-24,quantile,wk inc flu hosp
20,-1,0.4,154.10749409153922,2024-02-24,2024-02-24,quantile,wk inc flu hosp
21,-1,0.4,260.64842773371265,2024-02-24,2024-02-24,quantile,wk inc flu hosp
22,-1,0.4,60.17818966451877,2024-02-24,2024-02-24,quantile,wk inc flu hosp
23,-1,0.4,78.05051530721252,2024-02-24,2024-02-24,quantile,wk inc flu hosp
24,-1,0.4,105.84349392024063,2024-02-24,2024-02-24,quantile,wk inc flu hosp
25,-1,0.4,465.05687990470784,2024-02-24,2024-02-24,quantile,wk inc flu hosp
26,-1,0.4,731.9415964199834,2024-02-24,2024-02-24,quantile,wk inc flu hosp
27,-1,0.4,154.8424605569343,2024-02-24,2024-02-24,quantile,wk inc flu hosp
28,-1,0.4,60.98778153003334,2024-02-24,2024-02-24,quantile,wk inc flu hosp
29,-1,0.4,293.77548566738835,2024-02-24,2024-02-24,quantile,wk inc flu hosp
30,-1,0.4,10.783105699596854,2024-02-24,2024-02-24,quantile,wk inc flu hosp
31,-1,0.4,49.51021709300561,2024-02-24,2024-02-24,quantile,wk inc flu hosp
32,-1,0.4,41.56222104468347,2024-02-24,2024-02-24,quantile,wk inc flu hosp
33,-1,0.4,33.984652851013216,2024-02-24,2024-02-24,quantile,wk inc flu hosp
34,-1,0.4,323.2989147171644,2024-02-24,2024-02-24,quantile,wk inc flu hosp
35,-1,0.4,63.30398045353034,2024-02-24,2024-02-24,quantile,wk inc flu hosp
36,-1,0.4,703.6340233652173,2024-02-24,2024-02-24,quantile,wk inc flu hosp
37,-1,0.4,150.0883334137276,2024-02-24,2024-02-24,quantile,wk inc flu hosp
38,-1,0.4,23.068404635001524,2024-02-24,2024-02-24,quantile,wk inc flu hosp
39,-1,0.4,500.8242533618959,2024-02-24,2024-02-24,quantile,wk inc flu hosp
40,-1,0.4,315.5433975146045,2024-02-24,2024-02-24,quantile,wk inc flu hosp
41,-1,0.4,52.208298954537355,2024-02-24,2024-02-24,quantile,wk inc flu hosp
42,-1,0.4,462.5323567403017,2024-02-24,2024-02-24,quantile,wk inc flu hosp
44,-1,0.4,27.164501031759425,2024-02-24,2024-02-24,quantile,wk inc flu hosp
45,-1,0.4,113.84573430543931,2024-02-24,2024-02-24,quantile,wk inc flu hosp
46,-1,0.4,23.842852911685934,2024-02-24,2024-02-24,quantile,wk inc flu hosp
47,-1,0.4,162.02687779279114,2024-02-24,2024-02-24,quantile,wk inc flu hosp
48,-1,0.4,725.4707090632595,2024-02-24,2024-02-24,quantile,wk inc flu hosp
49,-1,0.4,14.959070174695926,2024-02-24,2024-02-24,quantile,wk inc flu hosp
50,-1,0.4,16.1740858373133,2024-02-24,2024-02-24,quantile,wk inc flu hosp
51,-1,0.4,176.4569438048961,2024-02-24,2024-02-24,quantile,wk inc flu hosp
53,-1,0.4,55.51497897275439,2024-02-24,2024-02-24,quantile,wk inc flu hosp
54,-1,0.4,167.8166387082714,2024-02-24,2024-02-24,quantile,wk inc flu hosp
55,-1,0.4,172.76547458593856,2024-02-24,2024-02-24,quantile,wk inc flu hosp
56,-1,0.4,39.26146731174496,2024-02-24,2024-02-24,quantile,wk inc flu hosp
72,-1,0.4,47.952465394568826,2024-02-24,2024-02-24,quantile,wk inc flu hosp
US,-1,0.4,9447.95598900099,2024-02-24,2024-02-24,quantile,wk inc flu hosp
01,-1,0.45,111.5965811457278,2024-02-24,2024-02-24,quantile,wk inc flu hosp
02,-1,0.45,0.5395392658425239,2024-02-24,2024-02-24,quantile,wk inc flu hosp
04,-1,0.45,134.8956320869813,2024-02-24,2024-02-24,quantile,wk inc flu hosp
05,-1,0.45,204.60420277769032,2024-02-24,2024-02-24,quantile,wk inc flu hosp
06,-1,0.45,258.08240911838243,2024-02-24,2024-02-24,quantile,wk inc flu hosp
08,-1,0.45,111.61958089385163,2024-02-24,2024-02-24,quantile,wk inc flu hosp
09,-1,0.45,104.81060171551366,2024-02-24,2024-02-24,quantile,wk inc flu hosp
10,-1,0.45,33.12437082303386,2024-02-24,2024-02-24,quantile,wk inc flu hosp
11,-1,0.45,16.519692349063185,2024-02-24,2024-02-24,quantile,wk inc flu hosp
12,-1,0.45,566.1424169003743,2024-02-24,2024-02-24,quantile,wk inc flu hosp
13,-1,0.45,178.3674238596005,2024-02-24,2024-02-24,quantile,wk inc flu hosp
15,-1,0.45,8.60567939421427,2024-02-24,2024-02-24,quantile,wk inc flu hosp
16,-1,0.45,50.06986933767601,2024-02-24,2024-02-24,quantile,wk inc flu hosp
17,-1,0.45,238.11794710839666,2024-02-24,2024-02-24,quantile,wk inc flu hosp
18,-1,0.45,325.5186294977379,2024-02-24,2024-02-24,quantile,wk inc flu hosp
19,-1,0.45,113.0124800397261,2024-02-24,2024-02-24,quantile,wk inc flu hosp
20,-1,0.45,158.57302049903265,2024-02-24,2024-02-24,quantile,wk inc flu hosp
21,-1,0.45,268.63894873909356,2024-02-24,2024-02-24,quantile,wk inc flu hosp
22,-1,0.45,62.62630375716847,2024-02-24,2024-02-24,quantile,wk inc flu hosp
23,-1,0.45,81.35110427624737,2024-02-24,2024-02-24,quantile,wk inc flu hosp
24,-1,0.45,109.23941343270428,2024-02-24,2024-02-24,quantile,wk inc flu hosp
25,-1,0.45,473.43450795311594,2024-02-24,2024-02-24,quantile,wk inc flu hosp
26,-1,0.45,745.6750081072995,2024-02-24,2024-02-24,quantile,wk inc flu hosp
27,-1,0.45,159.18913337697654,2024-02-24,2024-02-24,quantile,wk inc flu hosp
28,-1,0.45,63.23803874492456,2024-02-24,2024-02-24,quantile,wk inc flu hosp
29,-1,0.45,301.5870616110341,2024-02-24,2024-02-24,quantile,wk inc flu hosp
30,-1,0.45,11.539113095330721,2024-02-24,2024-02-24,quantile,wk inc flu hosp
31,-1,0.45,51.93310390821777,2024-02-24,2024-02-24,quantile,wk inc flu hosp
32,-1,0.45,43.23295723523996,2024-02-24,2024-02-24,quantile,wk inc flu hosp
33,-1,0.45,35.3374512059103,2024-02-24,2024-02-24,quantile,wk inc flu hosp
34,-1,0.45,332.57824313904376,2024-02-24,2024-02-24,quantile,wk inc flu hosp
35,-1,0.45,65.27729116358319,2024-02-24,2024-02-24,quantile,wk inc flu hosp
36,-1,0.45,717.5944094295895,2024-02-24,2024-02-24,quantile,wk inc flu hosp
37,-1,0.45,155.84616575921248,2024-02-24,2024-02-24,quantile,wk inc flu hosp
38,-1,0.45,24.649908494504214,2024-02-24,2024-02-24,quantile,wk inc flu hosp
39,-1,0.45,512.2801213759209,2024-02-24,2024-02-24,quantile,wk inc flu hosp
40,-1,0.45,324.66662587673557,2024-02-24,2024-02-24,quantile,wk inc flu hosp
41,-1,0.45,54.196308838614655,2024-02-24,2024-02-24,quantile,wk inc flu hosp
42,-1,0.45,476.041798431518,2024-02-24,2024-02-24,quantile,wk inc flu hosp
44,-1,0.45,28.44540853533287,2024-02-24,2024-02-24,quantile,wk inc flu hosp
45,-1,0.45,118.09034835745824,2024-02-24,2024-02-24,quantile,wk inc flu hosp
46,-1,0.45,25.327072760234774,2024-02-24,2024-02-24,quantile,wk inc flu hosp
47,-1,0.45,167.09796356173024,2024-02-24,2024-02-24,quantile,wk inc flu hosp
48,-1,0.45,739.5941760470525,2024-02-24,2024-02-24,quantile,wk inc flu hosp
49,-1,0.45,15.894609579057153,2024-02-24,2024-02-24,quantile,wk inc flu hosp
50,-1,0.45,17.126808508553538,2024-02-24,2024-02-24,quantile,wk inc flu hosp
51,-1,0.45,182.12433071916612,2024-02-24,2024-02-24,quantile,wk inc flu hosp
53,-1,0.45,57.5919203926222,2024-02-24,2024-02-24,quantile,wk inc flu hosp
54,-1,0.45,172.22149137527504,2024-02-24,2024-02-24,quantile,wk inc flu hosp
55,-1,0.45,178.32436470609628,2024-02-24,2024-02-24,quantile,wk inc flu hosp
56,-1,0.45,40.959424899497535,2024-02-24,2024-02-24,quantile,wk inc flu hosp
72,-1,0.45,50.05095966678379,2024-02-24,2024-02-24,quantile,wk inc flu hosp
US,-1,0.45,9646.558976498934,2024-02-24,2024-02-24,quantile,wk inc flu hosp
01,-1,0.5,115.69134343670946,2024-02-24,2024-02-24,quantile,wk inc flu hosp
02,-1,0.5,0.7677614440713453,2024-02-24,2024-02-24,quantile,wk inc flu hosp
04,-1,0.5,139.8614941336306,2024-02-24,2024-02-24,quantile,wk inc flu hosp
05,-1,0.5,209.4479193852068,2024-02-24,2024-02-24,quantile,wk inc flu hosp
06,-1,0.5,269.7419134610294,2024-02-24,2024-02-24,quantile,wk inc flu hosp
08,-1,0.5,114.92392802762627,2024-02-24,2024-02-24,quantile,wk inc flu hosp
09,-1,0.5,109.13200045109879,2024-02-24,2024-02-24,quantile,wk inc flu hosp
10,-1,0.5,34.89101968732273,2024-02-24,2024-02-24,quantile,wk inc flu hosp
11,-1,0.5,17.499304873629992,2024-02-24,2024-02-24,quantile,wk inc flu hosp
12,-1,0.5,579.1527273260416,2024-02-24,2024-02-24,quantile,wk inc flu hosp
13,-1,0.5,182.3764004859275,2024-02-24,2024-02-24,quantile,wk inc flu hosp
15,-1,0.5,9.42003461459019,2024-02-24,2024-02-24,quantile,wk inc flu hosp
16,-1,0.5,52.364800067637226,2024-02-24,2024-02-24,quantile,wk inc flu hosp
17,-1,0.5,244.12892481289632,2024-02-24,2024-02-24,quantile,wk inc flu hosp
18,-1,0.5,333.9621766375472,2024-02-24,2024-02-24,quantile,wk inc flu hosp
19,-1,0.5,116.99545397158415,2024-02-24,2024-02-24,quantile,wk inc flu hosp
20,-1,0.5,163.32610352352577,2024-02-24,2024-02-24,quantile,wk inc flu hosp
21,-1,0.5,275.99876731280426,2024-02-24,2024-02-24,quantile,wk inc flu hosp
22,-1,0.5,65.52490612908905,2024-02-24,2024-02-24,quantile,wk inc flu hosp
23,-1,0.5,83.94189010101846,2024-02-24,2024-02-24,quantile,wk inc flu hosp
24,-1,0.5,111.75859811216583,2024-02-24,2024-02-24,quantile,wk inc flu hosp
25,-1,0.5,483.0917176922817,2024-02-24,2024-02-24,quantile,wk inc flu hosp
26,-1,0.5,764.3890700296927,2024-02-24,2024-02-24,quantile,wk inc flu hosp
27,-1,0.5,162.44677754549707,2024-02-24,2024-02-24,quantile,wk inc flu hosp
28,-1,0.5,65.7315000289632,2024-02-24,2024-02-24,quantile,wk inc flu hosp
29,-1,0.5,308.13644435242674,2024-02-24,2024-02-24,quantile,wk inc flu hosp
30,-1,0.5,12.217079454088404,2024-02-24,2024-02-24,quantile,wk inc flu hosp
31,-1,0.5,53.69618958924635,2024-02-24,2024-02-24,quantile,wk inc flu hosp
32,-1,0.5,45.237174673651886,2024-02-24,2024-02-24,quantile,wk inc flu hosp
33,-1,0.5,36.89877584650998,2024-02-24,2024-02-24,quantile,wk inc flu hosp
34,-1,0.5,342.2655015545261,2024-02-24,2024-02-24,quantile,wk inc flu hosp
35,-1,0.5,67.7875430126994,2024-02-24,2024-02-24,quantile,wk inc flu hosp
36,-1,0.5,730.7919815038672,2024-02-24,2024-02-24,quantile,wk inc flu hosp
37,-1,0.5,161.4313226848255,2024-02-24,2024-02-24,quantile,wk inc flu hosp
38,-1,0.5,26.02770093549575,2024-02-24,2024-02-24,quantile,wk inc flu hosp
39,-1,0.5,526.1419424689566,2024-02-24,2024-02-24,quantile,wk inc flu hosp
40,-1,0.5,336.3879605695938,2024-02-24,2024-02-24,quantile,wk inc flu hosp
41,-1,0.5,56.63121741489357,2024-02-24,2024-02-24,quantile,wk inc flu hosp
42,-1,0.5,488.2791193285172,2024-02-24,2024-02-24,quantile,wk inc flu hosp
44,-1,0.5,30.0269805995978,2024-02-24,2024-02-24,quantile,wk inc flu hosp
45,-1,0.5,121.46070894705318,2024-02-24,2024-02-24,quantile,wk inc flu hosp
46,-1,0.5,26.843482148151324,2024-02-24,2024-02-24,quantile,wk inc flu hosp
47,-1,0.5,171.25429963388297,2024-02-24,2024-02-24,quantile,wk inc flu hosp
48,-1,0.5,752.6388980657533,2024-02-24,2024-02-24,quantile,wk inc flu hosp
49,-1,0.5,16.727300014808225,2024-02-24,2024-02-24,quantile,wk inc flu hosp
50,-1,0.5,18.180325716320613,2024-02-24,2024-02-24,quantile,wk inc flu hosp
51,-1,0.5,188.1265269787471,2024-02-24,2024-02-24,quantile,wk inc flu hosp
53,-1,0.5,60.53366258021391,2024-02-24,2024-02-24,quantile,wk inc flu hosp
54,-1,0.5,176.62710081631752,2024-02-24,2024-02-24,quantile,wk inc flu hosp
55,-1,0.5,183.59974922930363,2024-02-24,2024-02-24,quantile,wk inc flu hosp
56,-1,0.5,42.73103879235849,2024-02-24,2024-02-24,quantile,wk inc flu hosp
72,-1,0.5,51.6592367943064,2024-02-24,2024-02-24,quantile,wk inc flu hosp
US,-1,0.5,9776.028793134687,2024-02-24,2024-02-24,quantile,wk inc flu hosp
01,-1,0.55,119.13589173079403,2024-02-24,2024-02-24,quantile,wk inc flu hosp
02,-1,0.55,1.0289786203005522,2024-02-24,2024-02-24,quantile,wk inc flu hosp
04,-1,0.55,144.7821896197758,2024-02-24,2024-02-24,quantile,wk inc flu hosp
05,-1,0.55,217.02799022810473,2024-02-24,2024-02-24,quantile,wk inc flu hosp
06,-1,0.55,280.79078137051835,2024-02-24,2024-02-24,quantile,wk inc flu hosp
08,-1,0.55,118.37136910120499,2024-02-24,2024-02-24,quantile,wk inc flu hosp
09,-1,0.55,112.92262415319267,2024-02-24,2024-02-24,quantile,wk inc flu hosp
10,-1,0.55,36.6607722433537,2024-02-24,2024-02-24,quantile,wk inc flu hosp
11,-1,0.55,18.428066153672027,2024-02-24,2024-02-24,quantile,wk inc flu hosp
12,-1,0.55,592.4782811058096,2024-02-24,2024-02-24,quantile,wk inc flu hosp
13,-1,0.55,186.75057532450515,2024-02-24,2024-02-24,quantile,wk inc flu hosp
15,-1,0.55,10.077383448776972,2024-02-24,2024-02-24,quantile,wk inc flu hosp
16,-1,0.55,54.850060095441705,2024-02-24,2024-02-24,quantile,wk inc flu hosp
17,-1,0.55,252.11154235921333,2024-02-24,2024-02-24,quantile,wk inc flu hosp
18,-1,0.55,342.807737578412,2024-02-24,2024-02-24,quantile,wk inc flu hosp
19,-1,0.55,120.72749379775946,2024-02-24,2024-02-24,quantile,wk inc flu hosp
20,-1,0.55,168.5774788672507,2024-02-24,2024-02-24,quantile,wk inc flu hosp
21,-1,0.55,284.6316985688568,2024-02-24,2024-02-24,quantile,wk inc flu hosp
22,-1,0.55,68.26693260894004,2024-02-24,2024-02-24,quantile,wk inc flu hosp
23,-1,0.55,87.27078958208892,2024-02-24,2024-02-24,quantile,wk inc flu hosp
24,-1,0.55,115.55157768989118,2024-02-24,2024-02-24,quantile,wk inc flu hosp
25,-1,0.55,495.32490245602804,2024-02-24,2024-02-24,quantile,wk inc flu hosp
26,-1,0.55,778.4561201129251,2024-02-24,2024-02-24,quantile,wk inc flu hosp
27,-1,0.55,166.65445787071164,2024-02-24,2024-02-24,quantile,wk inc flu hosp
28,-1,0.55,68.49208591948326,2024-02-24,2024-02-24,quantile,wk inc flu hosp
29,-1,0.55,315.0269047661779,2024-02-24,2024-02-24,quantile,wk inc flu hosp
30,-1,0.55,13.137360335660041,2024-02-24,2024-02-24,quantile,wk inc flu hosp
31,-1,0.55,55.49508163980965,2024-02-24,2024-02-24,quantile,wk inc flu hosp
32,-1,0.55,47.51292884096104,2024-02-24,2024-02-24,quantile,wk inc flu hosp
33,-1,0.55,38.31462182866478,2024-02-24,2024-02-24,quantile,wk inc flu hosp
34,-1,0.55,350.5031980105472,2024-02-24,2024-02-24,quantile,wk inc flu hosp
35,-1,0.55,70.11303551479047,2024-02-24,2024-02-24,quantile,wk inc flu hosp
36,-1,0.55,747.9871795313529,2024-02-24,2024-02-24,quantile,wk inc flu hosp
37,-1,0.55,168.07962224009736,2024-02-24,2024-02-24,quantile,wk inc flu hosp
38,-1,0.55,27.503858983128225,2024-02-24,2024-02-24,quantile,wk inc flu hosp
39,-1,0.55,537.7894382720265,2024-02-24,2024-02-24,quantile,wk inc flu hosp
40,-1,0.55,346.1118130725669,2024-02-24,2024-02-24,quantile,wk inc flu hosp
41,-1,0.55,59.008874710279,2024-02-24,2024-02-24,quantile,wk inc flu hosp
42,-1,0.55,501.11660513715105,2024-02-24,2024-02-24,quantile,wk inc flu hosp
44,-1,0.55,31.521428217190344,2024-02-24,2024-02-24,quantile,wk inc flu hosp
45,-1,0.55,125.37642812900597,2024-02-24,2024-02-24,quantile,wk inc flu hosp
46,-1,0.55,28.174028559501263,2024-02-24,2024-02-24,quantile,wk inc flu hosp
47,-1,0.55,176.78786249716342,2024-02-24,2024-02-24,quantile,wk inc flu hosp
48,-1,0.55,765.0624761194065,2024-02-24,2024-02-24,quantile,wk inc flu hosp
49,-1,0.55,17.56253519968083,2024-02-24,2024-02-24,quantile,wk inc flu hosp
50,-1,0.55,19.0305075857048,2024-02-24,2024-02-24,quantile,wk inc flu hosp
51,-1,0.55,193.57159523273032,2024-02-24,2024-02-24,quantile,wk inc flu hosp
53,-1,0.55,63.1000313709748,2024-02-24,2024-02-24,quantile,wk inc flu hosp
54,-1,0.55,183.073926120348,2024-02-24,2024-02-24,quantile,wk inc flu hosp
55,-1,0.55,187.64909217921152,2024-02-24,2024-02-24,quantile,wk inc flu hosp
56,-1,0.55,44.78202202417396,2024-02-24,2024-02-24,quantile,wk inc flu hosp
72,-1,0.55,53.38832879714941,2024-02-24,2024-02-24,quantile,wk inc flu hosp
US,-1,0.55,9943.658025163048,2024-02-24,2024-02-24,quantile,wk inc flu hosp
01,-1,0.6,122.61024445238654,2024-02-24,2024-02-24,quantile,wk inc flu hosp
02,-1,0.6,1.3822257792251884,2024-02-24,2024-02-24,quantile,wk inc flu hosp
04,-1,0.6,150.66692619526938,2024-02-24,2024-02-24,quantile,wk inc flu hosp
05,-1,0.6,221.27199916386607,2024-02-24,2024-02-24,quantile,wk inc flu hosp
06,-1,0.6,290.4333911006485,2024-02-24,2024-02-24,quantile,wk inc flu hosp
08,-1,0.6,121.46260205023528,2024-02-24,2024-02-24,quantile,wk inc flu hosp
09,-1,0.6,116.45528836740289,2024-02-24,2024-02-24,quantile,wk inc flu hosp
10,-1,0.6,38.66901585512721,2024-02-24,2024-02-24,quantile,wk inc flu hosp
11,-1,0.6,19.394976370782846,2024-02-24,2024-02-24,quantile,wk inc flu hosp
12,-1,0.6,607.7913390304972,2024-02-24,2024-02-24,quantile,wk inc flu hosp
13,-1,0.6,192.50653630943827,2024-02-24,2024-02-24,quantile,wk inc flu hosp
15,-1,0.6,11.087833286406587,2024-02-24,2024-02-24,quantile,wk inc flu hosp
16,-1,0.6,57.08132363659817,2024-02-24,2024-02-24,quantile,wk inc flu hosp
17,-1,0.6,260.4248784263606,2024-02-24,2024-02-24,quantile,wk inc flu hosp
18,-1,0.6,350.772940515793,2024-02-24,2024-02-24,quantile,wk inc flu hosp
19,-1,0.6,124.4797563528605,2024-02-24,2024-02-24,quantile,wk inc flu hosp
20,-1,0.6,173.48586586652436,2024-02-24,2024-02-24,quantile,wk inc flu hosp
21,-1,0.6,293.6663256537095,2024-02-24,2024-02-24,quantile,wk inc flu hosp
22,-1,0.6,70.38815043339953,2024-02-24,2024-02-24,quantile,wk inc flu hosp
23,-1,0.6,90.88497619226489,2024-02-24,2024-02-24,quantile,wk inc flu hosp
24,-1,0.6,118.83582036832141,2024-02-24,2024-02-24,quantile,wk inc flu hosp
25,-1,0.6,504.9581493788594,2024-02-24,2024-02-24,quantile,wk inc flu hosp
26,-1,0.6,797.5110746714504,2024-02-24,2024-02-24,quantile,wk inc flu hosp
27,-1,0.6,170.4265131784185,2024-02-24,2024-02-24,quantile,wk inc flu hosp
28,-1,0.6,71.12500196124535,2024-02-24,2024-02-24,quantile,wk inc flu hosp
29,-1,0.6,324.56321934764287,2024-02-24,2024-02-24,quantile,wk inc flu hosp
30,-1,0.6,14.18249142510357,2024-02-24,2024-02-24,quantile,wk inc flu hosp
31,-1,0.6,57.04677892915944,2024-02-24,2024-02-24,quantile,wk inc flu hosp
32,-1,0.6,49.43501952568125,2024-02-24,2024-02-24,quantile,wk inc flu hosp
33,-1,0.6,39.913137203791095,2024-02-24,2024-02-24,quantile,wk inc flu hosp
34,-1,0.6,359.87554308743245,2024-02-24,2024-02-24,quantile,wk inc flu hosp
35,-1,0.6,72.4238874438287,2024-02-24,2024-02-24,quantile,wk inc flu hosp
36,-1,0.6,760.9310366701493,2024-02-24,2024-02-24,quantile,wk inc flu hosp
37,-1,0.6,174.23693506129308,2024-02-24,2024-02-24,quantile,wk inc flu hosp
38,-1,0.6,28.93011577600962,2024-02-24,2024-02-24,quantile,wk inc flu hosp
39,-1,0.6,549.2308457664494,2024-02-24,2024-02-24,quantile,wk inc flu hosp
40,-1,0.6,355.3347605815755,2024-02-24,2024-02-24,quantile,wk inc flu hosp
41,-1,0.6,62.19312201382625,2024-02-24,2024-02-24,quantile,wk inc flu hosp
42,-1,0.6,513.4012984869918,2024-02-24,2024-02-24,quantile,wk inc flu hosp
44,-1,0.6,32.86810613860214,2024-02-24,2024-02-24,quantile,wk inc flu hosp
45,-1,0.6,129.3525233227451,2024-02-24,2024-02-24,quantile,wk inc flu hosp
46,-1,0.6,29.980831883312415,2024-02-24,2024-02-24,quantile,wk inc flu hosp
47,-1,0.6,181.88473502185636,2024-02-24,2024-02-24,quantile,wk inc flu hosp
48,-1,0.6,778.587234206018,2024-02-24,2024-02-24,quantile,wk inc flu hosp
49,-1,0.6,18.581689302643685,2024-02-24,2024-02-24,quantile,wk inc flu hosp
50,-1,0.6,19.99407514463227,2024-02-24,2024-02-24,quantile,wk inc flu hosp
51,-1,0.6,199.66114362962753,2024-02-24,2024-02-24,quantile,wk inc flu hosp
53,-1,0.6,65.81333501200864,2024-02-24,2024-02-24,quantile,wk inc flu hosp
54,-1,0.6,188.64175533319246,2024-02-24,2024-02-24,quantile,wk inc flu hosp
55,-1,0.6,193.31643732779423,2024-02-24,2024-02-24,quantile,wk inc flu hosp
56,-1,0.6,46.82172009009201,2024-02-24,2024-02-24,quantile,wk inc flu hosp
72,-1,0.6,55.68656705089791,2024-02-24,2024-02-24,quantile,wk inc flu hosp
US,-1,0.6,10110.244901947484,2024-02-24,2024-02-24,quantile,wk inc flu hosp
01,-1,0.65,128.51838549900677,2024-02-24,2024-02-24,quantile,wk inc flu hosp
02,-1,0.65,1.7421432436368443,2024-02-24,2024-02-24,quantile,wk inc flu hosp
04,-1,0.65,155.89950714441784,2024-02-24,2024-02-24,quantile,wk inc flu hosp
05,-1,0.65,227.49594130725862,2024-02-24,2024-02-24,quantile,wk inc flu hosp
06,-1,0.65,299.69877033913264,2024-02-24,2024-02-24,quantile,wk inc flu hosp
08,-1,0.65,125.02237601120312,2024-02-24,2024-02-24,quantile,wk inc flu hosp
09,-1,0.65,119.94938789472187,2024-02-24,2024-02-24,quantile,wk inc flu hosp
10,-1,0.65,41.34178098780258,2024-02-24,2024-02-24,quantile,wk inc flu hosp
11,-1,0.65,20.364051979608167,2024-02-24,2024-02-24,quantile,wk inc flu hosp
12,-1,0.65,620.1053773471648,2024-02-24,2024-02-24,quantile,wk inc flu hosp
13,-1,0.65,198.33088800502665,2024-02-24,2024-02-24,quantile,wk inc flu hosp
15,-1,0.65,12.024067736900586,2024-02-24,2024-02-24,quantile,wk inc flu hosp
16,-1,0.65,60.07031655773201,2024-02-24,2024-02-24,quantile,wk inc flu hosp
17,-1,0.65,268.1833457809625,2024-02-24,2024-02-24,quantile,wk inc flu hosp
18,-1,0.65,360.76523699777886,2024-02-24,2024-02-24,quantile,wk inc flu hosp
19,-1,0.65,127.56242176113831,2024-02-24,2024-02-24,quantile,wk inc flu hosp
20,-1,0.65,179.54687610403505,2024-02-24,2024-02-24,quantile,wk inc flu hosp
21,-1,0.65,304.842688675353,2024-02-24,2024-02-24,quantile,wk inc flu hosp
22,-1,0.65,74.80428176273223,2024-02-24,2024-02-24,quantile,wk inc flu hosp
23,-1,0.65,94.06820190965166,2024-02-24,2024-02-24,quantile,wk inc flu hosp
24,-1,0.65,122.31360716892203,2024-02-24,2024-02-24,quantile,wk inc flu hosp
25,-1,0.65,513.4869028238418,2024-02-24,2024-02-24,quantile,wk inc flu hosp
26,-1,0.65,818.3952341209915,2024-02-24,2024-02-24,quantile,wk inc flu hosp
27,-1,0.65,174.0563220077103,2024-02-24,2024-02-24,quantile,wk inc flu hosp
28,-1,0.65,73.36707778114584,2024-02-24,2024-02-24,quantile,wk inc flu hosp
29,-1,0.65,333.24087838448713,2024-02-24,2024-02-24,quantile,wk inc flu hosp
30,-1,0.65,15.144836149031232,2024-02-24,2024-02-24,quantile,wk inc flu hosp
31,-1,0.65,59.06303272112675,2024-02-24,2024-02-24,quantile,wk inc flu hosp
32,-1,0.65,51.81540038119554,2024-02-24,2024-02-24,quantile,wk inc flu hosp
33,-1,0.65,41.786102057078025,2024-02-24,2024-02-24,quantile,wk inc flu hosp
34,-1,0.65,367.9987084742072,2024-02-24,2024-02-24,quantile,wk inc flu hosp
35,-1,0.65,76.25635238548341,2024-02-24,2024-02-24,quantile,wk inc flu hosp
36,-1,0.65,772.7340503824746,2024-02-24,2024-02-24,quantile,wk inc flu hosp
37,-1,0.65,180.02682530749482,2024-02-24,2024-02-24,quantile,wk inc flu hosp
38,-1,0.65,30.304125908384314,2024-02-24,2024-02-24,quantile,wk inc flu hosp
39,-1,0.65,560.5224613488178,2024-02-24,2024-02-24,quantile,wk inc flu hosp
40,-1,0.65,365.9633641675669,2024-02-24,2024-02-24,quantile,wk inc flu hosp
41,-1,0.65,65.40273133960345,2024-02-24,2024-02-24,quantile,wk inc flu hosp
42,-1,0.65,526.0860945478537,2024-02-24,2024-02-24,quantile,wk inc flu hosp
44,-1,0.65,34.02548407598081,2024-02-24,2024-02-24,quantile,wk inc flu hosp
45,-1,0.65,133.94492586071735,2024-02-24,2024-02-24,quantile,wk inc flu hosp
46,-1,0.65,31.43499593486911,2024-02-24,2024-02-24,quantile,wk inc flu hosp
47,-1,0.65,187.02150458550818,2024-02-24,2024-02-24,quantile,wk inc flu hosp
48,-1,0.65,794.5824880375411,2024-02-24,2024-02-24,quantile,wk inc flu hosp
49,-1,0.65,19.78272542240625,2024-02-24,2024-02-24,quantile,wk inc flu hosp
50,-1,0.65,20.85695874557459,2024-02-24,2024-02-24,quantile,wk inc flu hosp
51,-1,0.65,207.79374985039118,2024-02-24,2024-02-24,quantile,wk inc flu hosp
53,-1,0.65,68.93906584554944,2024-02-24,2024-02-24,quantile,wk inc flu hosp
54,-1,0.65,195.0659875837909,2024-02-24,2024-02-24,quantile,wk inc flu hosp
55,-1,0.65,199.20426292249576,2024-02-24,2024-02-24,quantile,wk inc flu hosp
56,-1,0.65,49.61913334034482,2024-02-24,2024-02-24,quantile,wk inc flu hosp
72,-1,0.65,58.077014869140775,2024-02-24,2024-02-24,quantile,wk inc flu hosp
US,-1,0.65,10324.52507580263,2024-02-24,2024-02-24,quantile,wk inc flu hosp
01,-1,0.7,133.10563085716487,2024-02-24,2024-02-24,quantile,wk inc flu hosp
02,-1,0.7,2.0728438494983683,2024-02-24,2024-02-24,quantile,wk inc flu hosp
04,-1,0.7,161.50478165212547,2024-02-24,2024-02-24,quantile,wk inc flu hosp
05,-1,0.7,232.6249792640108,2024-02-24,2024-02-24,quantile,wk inc flu hosp
06,-1,0.7,310.7292067622721,2024-02-24,2024-02-24,quantile,wk inc flu hosp
08,-1,0.7,129.82555127925812,2024-02-24,2024-02-24,quantile,wk inc flu hosp
09,-1,0.7,123.647838800682,2024-02-24,2024-02-24,quantile,wk inc flu hosp
10,-1,0.7,42.9618873447618,2024-02-24,2024-02-24,quantile,wk inc flu hosp
11,-1,0.7,21.37989182412901,2024-02-24,2024-02-24,quantile,wk inc flu hosp
12,-1,0.7,636.4446469395607,2024-02-24,2024-02-24,quantile,wk inc flu hosp
13,-1,0.7,205.17806257563976,2024-02-24,2024-02-24,quantile,wk inc flu hosp
15,-1,0.7,12.996085122521299,2024-02-24,2024-02-24,quantile,wk inc flu hosp
16,-1,0.7,63.34670316800829,2024-02-24,2024-02-24,quantile,wk inc flu hosp
17,-1,0.7,276.09352143748924,2024-02-24,2024-02-24,quantile,wk inc flu hosp
18,-1,0.7,370.36977502180224,2024-02-24,2024-02-24,quantile,wk inc flu hosp
19,-1,0.7,131.7163295171797,2024-02-24,2024-02-24,quantile,wk inc flu hosp
20,-1,0.7,184.99697187254398,2024-02-24,2024-02-24,quantile,wk inc flu hosp
21,-1,0.7,315.85549091110045,2024-02-24,2024-02-24,quantile,wk inc flu hosp
22,-1,0.7,77.87684186160588,2024-02-24,2024-02-24,quantile,wk inc flu hosp
23,-1,0.7,97.39772096677724,2024-02-24,2024-02-24,quantile,wk inc flu hosp
24,-1,0.7,125.24033309210256,2024-02-24,2024-02-24,quantile,wk inc flu hosp
25,-1,0.7,526.4880238180847,2024-02-24,2024-02-24,quantile,wk inc flu hosp
26,-1,0.7,839.984050458841,2024-02-24,2024-02-24,quantile,wk inc flu hosp
27,-1,0.7,178.50854677560554,2024-02-24,2024-02-24,quantile,wk inc flu hosp
28,-1,0.7,76.38873421745792,2024-02-24,2024-02-24,quantile,wk inc flu hosp
29,-1,0.7,342.47162288137247,2024-02-24,2024-02-24,quantile,wk inc flu hosp
30,-1,0.7,16.637766234710003,2024-02-24,2024-02-24,quantile,wk inc flu hosp
31,-1,0.7,61.571164883098874,2024-02-24,2024-02-24,quantile,wk inc flu hosp
32,-1,0.7,54.252258902531565,2024-02-24,2024-02-24,quantile,wk inc flu hosp
33,-1,0.7,43.949624871357436,2024-02-24,2024-02-24,quantile,wk inc flu hosp
34,-1,0.7,379.19200330763886,2024-02-24,2024-02-24,quantile,wk inc flu hosp
35,-1,0.7,79.93257589823621,2024-02-24,2024-02-24,quantile,wk inc flu hosp
36,-1,0.7,788.5485674537264,2024-02-24,2024-02-24,quantile,wk inc flu hosp
37,-1,0.7,185.4634065546014,2024-02-24,2024-02-24,quantile,wk inc flu hosp
38,-1,0.7,32.35712120883906,2024-02-24,2024-02-24,quantile,wk inc flu hosp
39,-1,0.7,571.0816642300701,2024-02-24,2024-02-24,quantile,wk inc flu hosp
40,-1,0.7,375.03132788364553,2024-02-24,2024-02-24,quantile,wk inc flu hosp
41,-1,0.7,68.49155226648965,2024-02-24,2024-02-24,quantile,wk inc flu hosp
42,-1,0.7,538.6322408577366,2024-02-24,2024-02-24,quantile,wk inc flu hosp
44,-1,0.7,35.44217444750492,2024-02-24,2024-02-24,quantile,wk inc flu hosp
45,-1,0.7,138.92305385137468,2024-02-24,2024-02-24,quantile,wk inc flu hosp
46,-1,0.7,33.02447705735366,2024-02-24,2024-02-24,quantile,wk inc flu hosp
47,-1,0.7,193.98861088385547,2024-02-24,2024-02-24,quantile,wk inc flu hosp
48,-1,0.7,810.0085000028923,2024-02-24,2024-02-24,quantile,wk inc flu hosp
49,-1,0.7,21.219658996611614,2024-02-24,2024-02-24,quantile,wk inc flu hosp
50,-1,0.7,22.000233979164463,2024-02-24,2024-02-24,quantile,wk inc flu hosp
51,-1,0.7,214.79160148263344,2024-02-24,2024-02-24,quantile,wk inc flu hosp
53,-1,0.7,72.79054121983701,2024-02-24,2024-02-24,quantile,wk inc flu hosp
54,-1,0.7,200.09010510273248,2024-02-24,2024-02-24,quantile,wk inc flu hosp
55,-1,0.7,205.75126731348266,2024-02-24,2024-02-24,quantile,wk inc flu hosp
56,-1,0.7,52.5355707425299,2024-02-24,2024-02-24,quantile,wk inc flu hosp
72,-1,0.7,60.62589498657986,2024-02-24,2024-02-24,quantile,wk inc flu hosp
US,-1,0.7,10581.475301826917,2024-02-24,2024-02-24,quantile,wk inc flu hosp
01,-1,0.75,137.2614101795621,2024-02-24,2024-02-24,quantile,wk inc flu hosp
02,-1,0.75,2.5481455718161956,2024-02-24,2024-02-24,quantile,wk inc flu hosp
04,-1,0.75,167.61672727944972,2024-02-24,2024-02-24,quantile,wk inc flu hosp
05,-1,0.75,240.5351466076025,2024-02-24,2024-02-24,quantile,wk inc flu hosp
06,-1,0.75,322.69306026364694,2024-02-24,2024-02-24,quantile,wk inc flu hosp
08,-1,0.75,134.53738373998394,2024-02-24,2024-02-24,quantile,wk inc flu hosp
09,-1,0.75,128.52618551659276,2024-02-24,2024-02-24,quantile,wk inc flu hosp
10,-1,0.75,45.38592683311792,2024-02-24,2024-02-24,quantile,wk inc flu hosp
11,-1,0.75,22.496165138618885,2024-02-24,2024-02-24,quantile,wk inc flu hosp
12,-1,0.75,656.7343910425249,2024-02-24,2024-02-24,quantile,wk inc flu hosp
13,-1,0.75,211.07157833011144,2024-02-24,2024-02-24,quantile,wk inc flu hosp
15,-1,0.75,14.257828078100824,2024-02-24,2024-02-24,quantile,wk inc flu hosp
16,-1,0.75,66.5533348047404,2024-02-24,2024-02-24,quantile,wk inc flu hosp
17,-1,0.75,285.8629513228773,2024-02-24,2024-02-24,quantile,wk inc flu hosp
18,-1,0.75,379.9573873251067,2024-02-24,2024-02-24,quantile,wk inc flu hosp
19,-1,0.75,137.68134041997948,2024-02-24,2024-02-24,quantile,wk inc flu hosp
20,-1,0.75,191.2857307698109,2024-02-24,2024-02-24,quantile,wk inc flu hosp
21,-1,0.75,327.471694026823,2024-02-24,2024-02-24,quantile,wk inc flu hosp
22,-1,0.75,80.73016228807762,2024-02-24,2024-02-24,quantile,wk inc flu hosp
23,-1,0.75,101.3373903734194,2024-02-24,2024-02-24,quantile,wk inc flu hosp
24,-1,0.75,129.70054045372243,2024-02-24,2024-02-24,quantile,wk inc flu hosp
25,-1,0.75,540.0119329005163,2024-02-24,2024-02-24,quantile,wk inc flu hosp
26,-1,0.75,861.09532309037,2024-02-24,2024-02-24,quantile,wk inc flu hosp
27,-1,0.75,183.12106339193977,2024-02-24,2024-02-24,quantile,wk inc flu hosp
28,-1,0.75,80.2156538095491,2024-02-24,2024-02-24,quantile,wk inc flu hosp
29,-1,0.75,352.3515300441105,2024-02-24,2024-02-24,quantile,wk inc flu hosp
30,-1,0.75,17.842114141317545,2024-02-24,2024-02-24,quantile,wk inc flu hosp
31,-1,0.75,64.64399051892805,2024-02-24,2024-02-24,quantile,wk inc flu hosp
32,-1,0.75,56.95519090450049,2024-02-24,2024-02-24,quantile,wk inc flu hosp
33,-1,0.75,46.589942895419256,2024-02-24,2024-02-24,quantile,wk inc flu hosp
34,-1,0.75,392.68476569731666,2024-02-24,2024-02-24,quantile,wk inc flu hosp
35,-1,0.75,83.05528282480124,2024-02-24,2024-02-24,quantile,wk inc flu hosp
36,-1,0.75,803.5812208670546,2024-02-24,2024-02-24,quantile,wk inc flu hosp
37,-1,0.75,194.42132703084425,2024-02-24,2024-02-24,quantile,wk inc flu hosp
38,-1,0.75,34.13058649205423,2024-02-24,2024-02-24,quantile,wk inc flu hosp
39,-1,0.75,582.5856610276703,2024-02-24,2024-02-24,quantile,wk inc flu hosp
40,-1,0.75,389.4764934047564,2024-02-24,2024-02-24,quantile,wk inc flu hosp
41,-1,0.75,71.59733352890484,2024-02-24,2024-02-24,quantile,wk inc flu hosp
42,-1,0.75,550.8554106251665,2024-02-24,2024-02-24,quantile,wk inc flu hosp
44,-1,0.75,37.05090811723079,2024-02-24,2024-02-24,quantile,wk inc flu hosp
45,-1,0.75,142.56161231094399,2024-02-24,2024-02-24,quantile,wk inc flu hosp
46,-1,0.75,35.14869871525508,2024-02-24,2024-02-24,quantile,wk inc flu hosp
47,-1,0.75,200.2119638211727,2024-02-24,2024-02-24,quantile,wk inc flu hosp
48,-1,0.75,828.8637898903834,2024-02-24,2024-02-24,quantile,wk inc flu hosp
49,-1,0.75,22.516807690687262,2024-02-24,2024-02-24,quantile,wk inc flu hosp
50,-1,0.75,23.50568965376112,2024-02-24,2024-02-24,quantile,wk inc flu hosp
51,-1,0.75,223.15346578412667,2024-02-24,2024-02-24,quantile,wk inc flu hosp
53,-1,0.75,76.65136124127561,2024-02-24,2024-02-24,quantile,wk inc flu hosp
54,-1,0.75,207.23425947177566,2024-02-24,2024-02-24,quantile,wk inc flu hosp
55,-1,0.75,212.25167117614978,2024-02-24,2024-02-24,quantile,wk inc flu hosp
56,-1,0.75,55.02403467551219,2024-02-24,2024-02-24,quantile,wk inc flu hosp
72,-1,0.75,62.819401168312346,2024-02-24,2024-02-24,quantile,wk inc flu hosp
US,-1,0.75,10773.096337755527,2024-02-24,2024-02-24,quantile,wk inc flu hosp
01,-1,0.8,141.95025936428198,2024-02-24,2024-02-24,quantile,wk inc flu hosp
02,-1,0.8,3.0017913859620533,2024-02-24,2024-02-24,quantile,wk inc flu hosp
04,-1,0.8,174.83545115178111,2024-02-24,2024-02-24,quantile,wk inc flu hosp
05,-1,0.8,246.14640086941571,2024-02-24,2024-02-24,quantile,wk inc flu hosp
06,-1,0.8,339.1634087700127,2024-02-24,2024-02-24,quantile,wk inc flu hosp
08,-1,0.8,139.89551036232277,2024-02-24,2024-02-24,quantile,wk inc flu hosp
09,-1,0.8,132.64655466369553,2024-02-24,2024-02-24,quantile,wk inc flu hosp
10,-1,0.8,48.52678865475385,2024-02-24,2024-02-24,quantile,wk inc flu hosp
11,-1,0.8,23.645252435970036,2024-02-24,2024-02-24,quantile,wk inc flu hosp
12,-1,0.8,674.9778279826802,2024-02-24,2024-02-24,quantile,wk inc flu hosp
13,-1,0.8,219.87102054106566,2024-02-24,2024-02-24,quantile,wk inc flu hosp
15,-1,0.8,15.491924982661594,2024-02-24,2024-02-24,quantile,wk inc flu hosp
16,-1,0.8,70.14278256534749,2024-02-24,2024-02-24,quantile,wk inc flu hosp
17,-1,0.8,297.62236361064157,2024-02-24,2024-02-24,quantile,wk inc flu hosp
18,-1,0.8,388.8564194532767,2024-02-24,2024-02-24,quantile,wk inc flu hosp
19,-1,0.8,143.21336597849466,2024-02-24,2024-02-24,quantile,wk inc flu hosp
20,-1,0.8,197.85658067503203,2024-02-24,2024-02-24,quantile,wk inc flu hosp
21,-1,0.8,339.8745449651749,2024-02-24,2024-02-24,quantile,wk inc flu hosp
22,-1,0.8,83.46881262677968,2024-02-24,2024-02-24,quantile,wk inc flu hosp
23,-1,0.8,105.57563199641841,2024-02-24,2024-02-24,quantile,wk inc flu hosp
24,-1,0.8,134.53650958869582,2024-02-24,2024-02-24,quantile,wk inc flu hosp
25,-1,0.8,553.1396342595081,2024-02-24,2024-02-24,quantile,wk inc flu hosp
26,-1,0.8,891.702163267307,2024-02-24,2024-02-24,quantile,wk inc flu hosp
27,-1,0.8,188.97076478430253,2024-02-24,2024-02-24,quantile,wk inc flu hosp
28,-1,0.8,84.39213123819579,2024-02-24,2024-02-24,quantile,wk inc flu hosp
29,-1,0.8,363.9776271312617,2024-02-24,2024-02-24,quantile,wk inc flu hosp
30,-1,0.8,19.092064838192886,2024-02-24,2024-02-24,quantile,wk inc flu hosp
31,-1,0.8,67.73400228170618,2024-02-24,2024-02-24,quantile,wk inc flu hosp
32,-1,0.8,59.288287907770965,2024-02-24,2024-02-24,quantile,wk inc flu hosp
33,-1,0.8,48.91326294342233,2024-02-24,2024-02-24,quantile,wk inc flu hosp
34,-1,0.8,409.55519142673626,2024-02-24,2024-02-24,quantile,wk inc flu hosp
35,-1,0.8,87.32562302384963,2024-02-24,2024-02-24,quantile,wk inc flu hosp
36,-1,0.8,825.019116577698,2024-02-24,2024-02-24,quantile,wk inc flu hosp
37,-1,0.8,202.25450629545634,2024-02-24,2024-02-24,quantile,wk inc flu hosp
38,-1,0.8,36.19192372661815,2024-02-24,2024-02-24,quantile,wk inc flu hosp
39,-1,0.8,598.5882135119474,2024-02-24,2024-02-24,quantile,wk inc flu hosp
40,-1,0.8,403.3665252097076,2024-02-24,2024-02-24,quantile,wk inc flu hosp
41,-1,0.8,75.13219563924831,2024-02-24,2024-02-24,quantile,wk inc flu hosp
42,-1,0.8,571.1531655624416,2024-02-24,2024-02-24,quantile,wk inc flu hosp
44,-1,0.8,39.083034897346195,2024-02-24,2024-02-24,quantile,wk inc flu hosp
45,-1,0.8,147.61169892657165,2024-02-24,2024-02-24,quantile,wk inc flu hosp
46,-1,0.8,37.54013498310875,2024-02-24,2024-02-24,quantile,wk inc flu hosp
47,-1,0.8,207.71585991283425,2024-02-24,2024-02-24,quantile,wk inc flu hosp
48,-1,0.8,847.6760466431074,2024-02-24,2024-02-24,quantile,wk inc flu hosp
49,-1,0.8,24.053024693869805,2024-02-24,2024-02-24,quantile,wk inc flu hosp
50,-1,0.8,24.878618006378225,2024-02-24,2024-02-24,quantile,wk inc flu hosp
51,-1,0.8,233.02435877638322,2024-02-24,2024-02-24,quantile,wk inc flu hosp
53,-1,0.8,80.4216405516609,2024-02-24,2024-02-24,quantile,wk inc flu hosp
54,-1,0.8,216.960748334266,2024-02-24,2024-02-24,quantile,wk inc flu hosp
55,-1,0.8,219.0927453292981,2024-02-24,2024-02-24,quantile,wk inc flu hosp
56,-1,0.8,57.499733538553585,2024-02-24,2024-02-24,quantile,wk inc flu hosp
72,-1,0.8,65.54547692882996,2024-02-24,2024-02-24,quantile,wk inc flu hosp
US,-1,0.8,11095.073327487915,2024-02-24,2024-02-24,quantile,wk inc flu hosp
01,-1,0.85,148.87236637196497,2024-02-24,2024-02-24,quantile,wk inc flu hosp
02,-1,0.85,3.69325145715241,2024-02-24,2024-02-24,quantile,wk inc flu hosp
04,-1,0.85,188.93805669137296,2024-02-24,2024-02-24,quantile,wk inc flu hosp
05,-1,0.85,254.31115068336592,2024-02-24,2024-02-24,quantile,wk inc flu hosp
06,-1,0.85,356.83941723633745,2024-02-24,2024-02-24,quantile,wk inc flu hosp
08,-1,0.85,145.75268760248042,2024-02-24,2024-02-24,quantile,wk inc flu hosp
09,-1,0.85,139.77481041640317,2024-02-24,2024-02-24,quantile,wk inc flu hosp
10,-1,0.85,52.65581210097311,2024-02-24,2024-02-24,quantile,wk inc flu hosp
11,-1,0.85,25.19305025257195,2024-02-24,2024-02-24,quantile,wk inc flu hosp
12,-1,0.85,697.941918851229,2024-02-24,2024-02-24,quantile,wk inc flu hosp
13,-1,0.85,231.15188224126533,2024-02-24,2024-02-24,quantile,wk inc flu hosp
15,-1,0.85,17.005654162653933,2024-02-24,2024-02-24,quantile,wk inc flu hosp
16,-1,0.85,74.42375335000867,2024-02-24,2024-02-24,quantile,wk inc flu hosp
17,-1,0.85,308.7764114968072,2024-02-24,2024-02-24,quantile,wk inc flu hosp
18,-1,0.85,399.9058535558495,2024-02-24,2024-02-24,quantile,wk inc flu hosp
19,-1,0.85,149.5364725065599,2024-02-24,2024-02-24,quantile,wk inc flu hosp
20,-1,0.85,206.0567614445068,2024-02-24,2024-02-24,quantile,wk inc flu hosp
21,-1,0.85,354.1425423736295,2024-02-24,2024-02-24,quantile,wk inc flu hosp
22,-1,0.85,87.7899769517071,2024-02-24,2024-02-24,quantile,wk inc flu hosp
23,-1,0.85,109.705047239608,2024-02-24,2024-02-24,quantile,wk inc flu hosp
24,-1,0.85,140.2352864881217,2024-02-24,2024-02-24,quantile,wk inc flu hosp
25,-1,0.85,569.5870905971321,2024-02-24,2024-02-24,quantile,wk inc flu hosp
26,-1,0.85,921.208630167164,2024-02-24,2024-02-24,quantile,wk inc flu hosp
27,-1,0.85,194.8158223049077,2024-02-24,2024-02-24,quantile,wk inc flu hosp
28,-1,0.85,89.72102841464684,2024-02-24,2024-02-24,quantile,wk inc flu hosp
29,-1,0.85,376.2450405823578,2024-02-24,2024-02-24,quantile,wk inc flu hosp
30,-1,0.85,20.71504486525348,2024-02-24,2024-02-24,quantile,wk inc flu hosp
31,-1,0.85,70.52731685950313,2024-02-24,2024-02-24,quantile,wk inc flu hosp
32,-1,0.85,62.53836346764168,2024-02-24,2024-02-24,quantile,wk inc flu hosp
33,-1,0.85,51.928730812829286,2024-02-24,2024-02-24,quantile,wk inc flu hosp
34,-1,0.85,429.2433135299687,2024-02-24,2024-02-24,quantile,wk inc flu hosp
35,-1,0.85,91.65207999568297,2024-02-24,2024-02-24,quantile,wk inc flu hosp
36,-1,0.85,846.4321888055755,2024-02-24,2024-02-24,quantile,wk inc flu hosp
37,-1,0.85,211.2315616715949,2024-02-24,2024-02-24,quantile,wk inc flu hosp
38,-1,0.85,38.60698195752645,2024-02-24,2024-02-24,quantile,wk inc flu hosp
39,-1,0.85,615.7346969080687,2024-02-24,2024-02-24,quantile,wk inc flu hosp
40,-1,0.85,415.45652564567104,2024-02-24,2024-02-24,quantile,wk inc flu hosp
41,-1,0.85,80.41725971788124,2024-02-24,2024-02-24,quantile,wk inc flu hosp
42,-1,0.85,594.0213235005691,2024-02-24,2024-02-24,quantile,wk inc flu hosp
44,-1,0.85,41.85939895176013,2024-02-24,2024-02-24,quantile,wk inc flu hosp
45,-1,0.85,153.13798881815833,2024-02-24,2024-02-24,quantile,wk inc flu hosp
46,-1,0.85,39.77772468476304,2024-02-24,2024-02-24,quantile,wk inc flu hosp
47,-1,0.85,218.21717831407108,2024-02-24,2024-02-24,quantile,wk inc flu hosp
48,-1,0.85,871.1169788871534,2024-02-24,2024-02-24,quantile,wk inc flu hosp
49,-1,0.85,25.744379502118182,2024-02-24,2024-02-24,quantile,wk inc flu hosp
50,-1,0.85,26.969812523653033,2024-02-24,2024-02-24,quantile,wk inc flu hosp
51,-1,0.85,241.55904776711367,2024-02-24,2024-02-24,quantile,wk inc flu hosp
53,-1,0.85,85.10797022079751,2024-02-24,2024-02-24,quantile,wk inc flu hosp
54,-1,0.85,228.02213637856912,2024-02-24,2024-02-24,quantile,wk inc flu hosp
55,-1,0.85,227.65798790149168,2024-02-24,2024-02-24,quantile,wk inc flu hosp
56,-1,0.85,62.237876515531156,2024-02-24,2024-02-24,quantile,wk inc flu hosp
72,-1,0.85,68.61678423702335,2024-02-24,2024-02-24,quantile,wk inc flu hosp
US,-1,0.85,11299.194144902736,2024-02-24,2024-02-24,quantile,wk inc flu hosp
01,-1,0.9,160.29331084917408,2024-02-24,2024-02-24,quantile,wk inc flu hosp
02,-1,0.9,4.466209406542338,2024-02-24,2024-02-24,quantile,wk inc flu hosp
04,-1,0.9,198.27772419980448,2024-02-24,2024-02-24,quantile,wk inc flu hosp
05,-1,0.9,263.49273987084695,2024-02-24,2024-02-24,quantile,wk inc flu hosp
06,-1,0.9,380.63968003927806,2024-02-24,2024-02-24,quantile,wk inc flu hosp
08,-1,0.9,151.9750481373923,2024-02-24,2024-02-24,quantile,wk inc flu hosp
09,-1,0.9,150.65106141841278,2024-02-24,2024-02-24,quantile,wk inc flu hosp
10,-1,0.9,57.886661626146825,2024-02-24,2024-02-24,quantile,wk inc flu hosp
11,-1,0.9,26.886744173288044,2024-02-24,2024-02-24,quantile,wk inc flu hosp
12,-1,0.9,723.5347671646357,2024-02-24,2024-02-24,quantile,wk inc flu hosp
13,-1,0.9,241.14509377208987,2024-02-24,2024-02-24,quantile,wk inc flu hosp
15,-1,0.9,19.080132847960137,2024-02-24,2024-02-24,quantile,wk inc flu hosp
16,-1,0.9,81.41119389797727,2024-02-24,2024-02-24,quantile,wk inc flu hosp
17,-1,0.9,324.5065672556657,2024-02-24,2024-02-24,quantile,wk inc flu hosp
18,-1,0.9,414.65872379726005,2024-02-24,2024-02-24,quantile,wk inc flu hosp
19,-1,0.9,160.02819504966595,2024-02-24,2024-02-24,quantile,wk inc flu hosp
20,-1,0.9,216.83004576698332,2024-02-24,2024-02-24,quantile,wk inc flu hosp
21,-1,0.9,372.1653742909947,2024-02-24,2024-02-24,quantile,wk inc flu hosp
22,-1,0.9,92.55141092846938,2024-02-24,2024-02-24,quantile,wk inc flu hosp
23,-1,0.9,118.36001025344528,2024-02-24,2024-02-24,quantile,wk inc flu hosp
24,-1,0.9,148.46908026557955,2024-02-24,2024-02-24,quantile,wk inc flu hosp
25,-1,0.9,595.1285089465114,2024-02-24,2024-02-24,quantile,wk inc flu hosp
26,-1,0.9,952.0301881163645,2024-02-24,2024-02-24,quantile,wk inc flu hosp
27,-1,0.9,203.48112677895602,2024-02-24,2024-02-24,quantile,wk inc flu hosp
28,-1,0.9,96.49515883402059,2024-02-24,2024-02-24,quantile,wk inc flu hosp
29,-1,0.9,392.6793745907163,2024-02-24,2024-02-24,quantile,wk inc flu hosp
30,-1,0.9,23.228111432511433,2024-02-24,2024-02-24,quantile,wk inc flu hosp
31,-1,0.9,74.05911551337746,2024-02-24,2024-02-24,quantile,wk inc flu hosp
32,-1,0.9,67.22929634991529,2024-02-24,2024-02-24,quantile,wk inc flu hosp
33,-1,0.9,55.429333180314934,2024-02-24,2024-02-24,quantile,wk inc flu hosp
34,-1,0.9,447.670097908379,2024-02-24,2024-02-24,quantile,wk inc flu hosp
35,-1,0.9,97.61505129871956,2024-02-24,2024-02-24,quantile,wk inc flu hosp
36,-1,0.9,874.7969171559274,2024-02-24,2024-02-24,quantile,wk inc flu hosp
37,-1,0.9,223.09704293650503,2024-02-24,2024-02-24,quantile,wk inc flu hosp
38,-1,0.9,41.86471893991024,2024-02-24,2024-02-24,quantile,wk inc flu hosp
39,-1,0.9,636.391239668535,2024-02-24,2024-02-24,quantile,wk inc flu hosp
40,-1,0.9,435.77713459907585,2024-02-24,2024-02-24,quantile,wk inc flu hosp
41,-1,0.9,86.25188280696031,2024-02-24,2024-02-24,quantile,wk inc flu hosp
42,-1,0.9,621.0423737941031,2024-02-24,2024-02-24,quantile,wk inc flu hosp
44,-1,0.9,45.54608391657145,2024-02-24,2024-02-24,quantile,wk inc flu hosp
45,-1,0.9,162.59623923973038,2024-02-24,2024-02-24,quantile,wk inc flu hosp
46,-1,0.9,45.0323111766373,2024-02-24,2024-02-24,quantile,wk inc flu hosp
47,-1,0.9,227.81317539563383,2024-02-24,2024-02-24,quantile,wk inc flu hosp
48,-1,0.9,906.4705467501296,2024-02-24,2024-02-24,quantile,wk inc flu hosp
49,-1,0.9,28.402329651094703,2024-02-24,2024-02-24,quantile,wk inc flu hosp
50,-1,0.9,29.228836992433965,2024-02-24,2024-02-24,quantile,wk inc flu hosp
51,-1,0.9,254.99452963209174,2024-02-24,2024-02-24,quantile,wk inc flu hosp
53,-1,0.9,92.270665763326,2024-02-24,2024-02-24,quantile,wk inc flu hosp
54,-1,0.9,243.7636014511621,2024-02-24,2024-02-24,quantile,wk inc flu hosp
55,-1,0.9,238.07212033919944,2024-02-24,2024-02-24,quantile,wk inc flu hosp
56,-1,0.9,68.28176256922302,2024-02-24,2024-02-24,quantile,wk inc flu hosp
72,-1,0.9,73.75021847918981,2024-02-24,2024-02-24,quantile,wk inc flu hosp
US,-1,0.9,11721.714740479934,2024-02-24,2024-02-24,quantile,wk inc flu hosp
01,-1,0.95,173.91822481918916,2024-02-24,2024-02-24,quantile,wk inc flu hosp
02,-1,0.95,5.756835130912003,2024-02-24,2024-02-24,quantile,wk inc flu hosp
04,-1,0.95,226.45249192618292,2024-02-24,2024-02-24,quantile,wk inc flu hosp
05,-1,0.95,282.9837455596819,2024-02-24,2024-02-24,quantile,wk inc flu hosp
06,-1,0.95,425.20776373841403,2024-02-24,2024-02-24,quantile,wk inc flu hosp
08,-1,0.95,167.23692564151432,2024-02-24,2024-02-24,quantile,wk inc flu hosp
09,-1,0.95,162.85745224860264,2024-02-24,2024-02-24,quantile,wk inc flu hosp
10,-1,0.95,65.72468006513294,2024-02-24,2024-02-24,quantile,wk inc flu hosp
11,-1,0.95,31.014280401775046,2024-02-24,2024-02-24,quantile,wk inc flu hosp
12,-1,0.95,761.4871462039135,2024-02-24,2024-02-24,quantile,wk inc flu hosp
13,-1,0.95,260.26155296134283,2024-02-24,2024-02-24,quantile,wk inc flu hosp
15,-1,0.95,21.98223320949199,2024-02-24,2024-02-24,quantile,wk inc flu hosp
16,-1,0.95,92.95625100554487,2024-02-24,2024-02-24,quantile,wk inc flu hosp
17,-1,0.95,354.075617938349,2024-02-24,2024-02-24,quantile,wk inc flu hosp
18,-1,0.95,442.49937360083317,2024-02-24,2024-02-24,quantile,wk inc flu hosp
19,-1,0.95,173.30016057644048,2024-02-24,2024-02-24,quantile,wk inc flu hosp
20,-1,0.95,228.52955704308204,2024-02-24,2024-02-24,quantile,wk inc flu hosp
21,-1,0.95,405.08661254814865,2024-02-24,2024-02-24,quantile,wk inc flu hosp
22,-1,0.95,102.16360629735384,2024-02-24,2024-02-24,quantile,wk inc flu hosp
23,-1,0.95,129.54705771704175,2024-02-24,2024-02-24,quantile,wk inc flu hosp
24,-1,0.95,160.4857570924709,2024-02-24,2024-02-24,quantile,wk inc flu hosp
25,-1,0.95,628.2483484482725,2024-02-24,2024-02-24,quantile,wk inc flu hosp
26,-1,0.95,1012.3511977900204,2024-02-24,2024-02-24,quantile,wk inc flu hosp
27,-1,0.95,218.1599785486792,2024-02-24,2024-02-24,quantile,wk inc flu hosp
28,-1,0.95,109.06524023965424,2024-02-24,2024-02-24,quantile,wk inc flu hosp
29,-1,0.95,424.99676756194464,2024-02-24,2024-02-24,quantile,wk inc flu hosp
30,-1,0.95,25.764790063121865,2024-02-24,2024-02-24,quantile,wk inc flu hosp
31,-1,0.95,82.3754485742628,2024-02-24,2024-02-24,quantile,wk inc flu hosp
32,-1,0.95,72.65047381318742,2024-02-24,2024-02-24,quantile,wk inc flu hosp
33,-1,0.95,60.491974319506454,2024-02-24,2024-02-24,quantile,wk inc flu hosp
34,-1,0.95,479.66016715020066,2024-02-24,2024-02-24,quantile,wk inc flu hosp
35,-1,0.95,109.55439764839493,2024-02-24,2024-02-24,quantile,wk inc flu hosp
36,-1,0.95,911.5365334309365,2024-02-24,2024-02-24,quantile,wk inc flu hosp
37,-1,0.95,240.1051445585388,2024-02-24,2024-02-24,quantile,wk inc flu hosp
38,-1,0.95,47.132829539689844,2024-02-24,2024-02-24,quantile,wk inc flu hosp
39,-1,0.95,668.1731858105516,2024-02-24,2024-02-24,quantile,wk inc flu hosp
40,-1,0.95,467.56580613558515,2024-02-24,2024-02-24,quantile,wk inc flu hosp
41,-1,0.95,95.79808353639025,2024-02-24,2024-02-24,quantile,wk inc flu hosp
42,-1,0.95,661.0367772598887,2024-02-24,2024-02-24,quantile,wk inc flu hosp
44,-1,0.95,52.00401918013689,2024-02-24,2024-02-24,quantile,wk inc flu hosp
45,-1,0.95,178.54832878104375,2024-02-24,2024-02-24,quantile,wk inc flu hosp
46,-1,0.95,50.2680325502064,2024-02-24,2024-02-24,quantile,wk inc flu hosp
47,-1,0.95,246.97156198167437,2024-02-24,2024-02-24,quantile,wk inc flu hosp
48,-1,0.95,956.6425399853216,2024-02-24,2024-02-24,quantile,wk inc flu hosp
49,-1,0.95,31.967733501956204,2024-02-24,2024-02-24,quantile,wk inc flu hosp
50,-1,0.95,33.42780786610416,2024-02-24,2024-02-24,quantile,wk inc flu hosp
51,-1,0.95,274.6764481688695,2024-02-24,2024-02-24,quantile,wk inc flu hosp
53,-1,0.95,102.55495925945198,2024-02-24,2024-02-24,quantile,wk inc flu hosp
54,-1,0.95,263.1872500834584,2024-02-24,2024-02-24,quantile,wk inc flu hosp
55,-1,0.95,253.42196138603296,2024-02-24,2024-02-24,quantile,wk inc flu hosp
56,-1,0.95,77.29495666534994,2024-02-24,2024-02-24,quantile,wk inc flu hosp
72,-1,0.95,80.07462816796883,2024-02-24,2024-02-24,quantile,wk inc flu hosp
US,-1,0.95,12212.717756135318,2024-02-24,2024-02-24,quantile,wk inc flu hosp
01,-1,0.975,193.3670297178764,2024-02-24,2024-02-24,quantile,wk inc flu hosp
02,-1,0.975,7.520672878794835,2024-02-24,2024-02-24,quantile,wk inc flu hosp
04,-1,0.975,245.2191707744184,2024-02-24,2024-02-24,quantile,wk inc flu hosp
05,-1,0.975,300.30749922969767,2024-02-24,2024-02-24,quantile,wk inc flu hosp
06,-1,0.975,458.9786476694758,2024-02-24,2024-02-24,quantile,wk inc flu hosp
08,-1,0.975,175.38859768945483,2024-02-24,2024-02-24,quantile,wk inc flu hosp
09,-1,0.975,180.90267863511522,2024-02-24,2024-02-24,quantile,wk inc flu hosp
10,-1,0.975,72.79868688021278,2024-02-24,2024-02-24,quantile,wk inc flu hosp
11,-1,0.975,34.76248922309525,2024-02-24,2024-02-24,quantile,wk inc flu hosp
12,-1,0.975,804.0509305727015,2024-02-24,2024-02-24,quantile,wk inc flu hosp
13,-1,0.975,274.99478080389963,2024-02-24,2024-02-24,quantile,wk inc flu hosp
15,-1,0.975,26.149964010716467,2024-02-24,2024-02-24,quantile,wk inc flu hosp
16,-1,0.975,100.7828906166656,2024-02-24,2024-02-24,quantile,wk inc flu hosp
17,-1,0.975,371.19149637904025,2024-02-24,2024-02-24,quantile,wk inc flu hosp
18,-1,0.975,476.10516655664816,2024-02-24,2024-02-24,quantile,wk inc flu hosp
19,-1,0.975,185.99951138142563,2024-02-24,2024-02-24,quantile,wk inc flu hosp
20,-1,0.975,241.25661964088704,2024-02-24,2024-02-24,quantile,wk inc flu hosp
21,-1,0.975,424.35689066207675,2024-02-24,2024-02-24,quantile,wk inc flu hosp
22,-1,0.975,110.9474019823197,2024-02-24,2024-02-24,quantile,wk inc flu hosp
23,-1,0.975,144.33029851000893,2024-02-24,2024-02-24,quantile,wk inc flu hosp
24,-1,0.975,172.57041504688672,2024-02-24,2024-02-24,quantile,wk inc flu hosp
25,-1,0.975,668.0506694992312,2024-02-24,2024-02-24,quantile,wk inc flu hosp
26,-1,0.975,1071.7059962396468,2024-02-24,2024-02-24,quantile,wk inc flu hosp
27,-1,0.975,227.49391032215559,2024-02-24,2024-02-24,quantile,wk inc flu hosp
28,-1,0.975,119.58940263703886,2024-02-24,2024-02-24,quantile,wk inc flu hosp
29,-1,0.975,439.9762153330191,2024-02-24,2024-02-24,quantile,wk inc flu hosp
30,-1,0.975,28.886718126009406,2024-02-24,2024-02-24,quantile,wk inc flu hosp
31,-1,0.975,88.75854012138147,2024-02-24,2024-02-24,quantile,wk inc flu hosp
32,-1,0.975,77.80104008624876,2024-02-24,2024-02-24,quantile,wk inc flu hosp
33,-1,0.975,65.7263125004664,2024-02-24,2024-02-24,quantile,wk inc flu hosp
34,-1,0.975,504.0855503485886,2024-02-24,2024-02-24,quantile,wk inc flu hosp
35,-1,0.975,116.49962663100197,2024-02-24,2024-02-24,quantile,wk inc flu hosp
36,-1,0.975,953.9636774811185,2024-02-24,2024-02-24,quantile,wk inc flu hosp
37,-1,0.975,261.8625985572606,2024-02-24,2024-02-24,quantile,wk inc flu hosp
38,-1,0.975,51.415545008299965,2024-02-24,2024-02-24,quantile,wk inc flu hosp
39,-1,0.975,696.1103974264969,2024-02-24,2024-02-24,quantile,wk inc flu hosp
40,-1,0.975,488.33372899389684,2024-02-24,2024-02-24,quantile,wk inc flu hosp
41,-1,0.975,102.58443937303095,2024-02-24,2024-02-24,quantile,wk inc flu hosp
42,-1,0.975,703.9898044356867,2024-02-24,2024-02-24,quantile,wk inc flu hosp
44,-1,0.975,57.373405583147445,2024-02-24,2024-02-24,quantile,wk inc flu hosp
45,-1,0.975,193.7865344636491,2024-02-24,2024-02-24,quantile,wk inc flu hosp
46,-1,0.975,57.88684153264226,2024-02-24,2024-02-24,quantile,wk inc flu hosp
47,-1,0.975,265.8382660778772,2024-02-24,2024-02-24,quantile,wk inc flu hosp
48,-1,0.975,990.7398465821102,2024-02-24,2024-02-24,quantile,wk inc flu hosp
49,-1,0.975,36.59187866536827,2024-02-24,2024-02-24,quantile,wk inc flu hosp
50,-1,0.975,36.64963867626233,2024-02-24,2024-02-24,quantile,wk inc flu hosp
51,-1,0.975,291.31203880972004,2024-02-24,2024-02-24,quantile,wk inc flu hosp
53,-1,0.975,115.78534885645588,2024-02-24,2024-02-24,quantile,wk inc flu hosp
54,-1,0.975,283.2101073990887,2024-02-24,2024-02-24,quantile,wk inc flu hosp
55,-1,0.975,273.7417918512135,2024-02-24,2024-02-24,quantile,wk inc flu hosp
56,-1,0.975,85.22744769826129,2024-02-24,2024-02-24,quantile,wk inc flu hosp
72,-1,0.975,86.8119122663076,2024-02-24,2024-02-24,quantile,wk inc flu hosp
US,-1,0.975,12743.16470336453,2024-02-24,2024-02-24,quantile,wk inc flu hosp
01,-1,0.99,204.8107974883797,2024-02-24,2024-02-24,quantile,wk inc flu hosp
02,-1,0.99,9.07174298688338,2024-02-24,2024-02-24,quantile,wk inc flu hosp
04,-1,0.99,269.7716322448904,2024-02-24,2024-02-24,quantile,wk inc flu hosp
05,-1,0.99,310.6660808832871,2024-02-24,2024-02-24,quantile,wk inc flu hosp
06,-1,0.99,501.7416597607848,2024-02-24,2024-02-24,quantile,wk inc flu hosp
08,-1,0.99,190.10091347636305,2024-02-24,2024-02-24,quantile,wk inc flu hosp
09,-1,0.99,197.72876988752668,2024-02-24,2024-02-24,quantile,wk inc flu hosp
10,-1,0.99,83.05176299199697,2024-02-24,2024-02-24,quantile,wk inc flu hosp
11,-1,0.99,39.49732843613138,2024-02-24,2024-02-24,quantile,wk inc flu hosp
12,-1,0.99,843.2896234823036,2024-02-24,2024-02-24,quantile,wk inc flu hosp
13,-1,0.99,296.8729344241834,2024-02-24,2024-02-24,quantile,wk inc flu hosp
15,-1,0.99,30.218295636282022,2024-02-24,2024-02-24,quantile,wk inc flu hosp
16,-1,0.99,111.33474295658414,2024-02-24,2024-02-24,quantile,wk inc flu hosp
17,-1,0.99,399.2606826612324,2024-02-24,2024-02-24,quantile,wk inc flu hosp
18,-1,0.99,501.9578026467204,2024-02-24,2024-02-24,quantile,wk inc flu hosp
19,-1,0.99,197.82622486611479,2024-02-24,2024-02-24,quantile,wk inc flu hosp
20,-1,0.99,255.87404544388014,2024-02-24,2024-02-24,quantile,wk inc flu hosp
21,-1,0.99,469.62275848221907,2024-02-24,2024-02-24,quantile,wk inc flu hosp
22,-1,0.99,122.82677362199404,2024-02-24,2024-02-24,quantile,wk inc flu hosp
23,-1,0.99,156.22291928581961,2024-02-24,2024-02-24,quantile,wk inc flu hosp
24,-1,0.99,182.0702729635178,2024-02-24,2024-02-24,quantile,wk inc flu hosp
25,-1,0.99,707.9007899786003,2024-02-24,2024-02-24,quantile,wk inc flu hosp
26,-1,0.99,1123.0486964387424,2024-02-24,2024-02-24,quantile,wk inc flu hosp
27,-1,0.99,246.94314053371417,2024-02-24,2024-02-24,quantile,wk inc flu hosp
28,-1,0.99,129.95712932232357,2024-02-24,2024-02-24,quantile,wk inc flu hosp
29,-1,0.99,479.0496629383314,2024-02-24,2024-02-24,quantile,wk inc flu hosp
30,-1,0.99,36.5752037504623,2024-02-24,2024-02-24,quantile,wk inc flu hosp
31,-1,0.99,97.48131501695119,2024-02-24,2024-02-24,quantile,wk inc flu hosp
32,-1,0.99,88.10572846397274,2024-02-24,2024-02-24,quantile,wk inc flu hosp
33,-1,0.99,76.17480061356183,2024-02-24,2024-02-24,quantile,wk inc flu hosp
34,-1,0.99,546.6573008244329,2024-02-24,2024-02-24,quantile,wk inc flu hosp
35,-1,0.99,128.16840088965733,2024-02-24,2024-02-24,quantile,wk inc flu hosp
36,-1,0.99,997.3272982167836,2024-02-24,2024-02-24,quantile,wk inc flu hosp
37,-1,0.99,287.31329635446315,2024-02-24,2024-02-24,quantile,wk inc flu hosp
38,-1,0.99,56.85130721746666,2024-02-24,2024-02-24,quantile,wk inc flu hosp
39,-1,0.99,724.7508675103992,2024-02-24,2024-02-24,quantile,wk inc flu hosp
40,-1,0.99,528.6145121894538,2024-02-24,2024-02-24,quantile,wk inc flu hosp
41,-1,0.99,115.48899988159603,2024-02-24,2024-02-24,quantile,wk inc flu hosp
42,-1,0.99,739.868368401922,2024-02-24,2024-02-24,quantile,wk inc flu hosp
44,-1,0.99,62.97237735034844,2024-02-24,2024-02-24,quantile,wk inc flu hosp
45,-1,0.99,220.54241233703598,2024-02-24,2024-02-24,quantile,wk inc flu hosp
46,-1,0.99,64.90665677327964,2024-02-24,2024-02-24,quantile,wk inc flu hosp
47,-1,0.99,286.04996676288476,2024-02-24,2024-02-24,quantile,wk inc flu hosp
48,-1,0.99,1035.8084543167058,2024-02-24,2024-02-24,quantile,wk inc flu hosp
49,-1,0.99,39.876071057647465,2024-02-24,2024-02-24,quantile,wk inc flu hosp
50,-1,0.99,40.27931788474899,2024-02-24,2024-02-24,quantile,wk inc flu hosp
51,-1,0.99,320.8836857997397,2024-02-24,2024-02-24,quantile,wk inc flu hosp
53,-1,0.99,126.35484614162726,2024-02-24,2024-02-24,quantile,wk inc flu hosp
54,-1,0.99,300.56664147557376,2024-02-24,2024-02-24,quantile,wk inc flu hosp
55,-1,0.99,294.94228561799025,2024-02-24,2024-02-24,quantile,wk inc flu hosp
56,-1,0.99,93.13701959803878,2024-02-24,2024-02-24,quantile,wk inc flu hosp
72,-1,0.99,98.58239154114628,2024-02-24,2024-02-24,quantile,wk inc flu hosp
US,-1,0.99,13429.706816811624,2024-02-24,2024-02-24,quantile,wk inc flu hosp
01,0,0.01,31.628734745084525,2024-03-02,2024-02-24,quantile,wk inc flu hosp
02,0,0.01,0.0,2024-03-02,2024-02-24,quantile,wk inc flu hosp
04,0,0.01,18.081490200203838,2024-03-02,2024-02-24,quantile,wk inc flu hosp
05,0,0.01,73.29048245328318,2024-03-02,2024-02-24,quantile,wk inc flu hosp
06,0,0.01,17.662393578101113,2024-03-02,2024-02-24,quantile,wk inc flu hosp
08,0,0.01,33.28433798175448,2024-03-02,2024-02-24,quantile,wk inc flu hosp
09,0,0.01,26.472040704064682,2024-03-02,2024-02-24,quantile,wk inc flu hosp
10,0,0.01,3.9609313776527455,2024-03-02,2024-02-24,quantile,wk inc flu hosp
11,0,0.01,2.290175698696639,2024-03-02,2024-02-24,quantile,wk inc flu hosp
12,0,0.01,278.83764994359643,2024-03-02,2024-02-24,quantile,wk inc flu hosp
13,0,0.01,46.68420971140016,2024-03-02,2024-02-24,quantile,wk inc flu hosp
15,0,0.01,0.0,2024-03-02,2024-02-24,quantile,wk inc flu hosp
16,0,0.01,6.9017383168632085,2024-03-02,2024-02-24,quantile,wk inc flu hosp
17,0,0.01,88.12062400527077,2024-03-02,2024-02-24,quantile,wk inc flu hosp
18,0,0.01,142.45917344158497,2024-03-02,2024-02-24,quantile,wk inc flu hosp
19,0,0.01,35.86289765016069,2024-03-02,2024-02-24,quantile,wk inc flu hosp
20,0,0.01,70.09478109911387,2024-03-02,2024-02-24,quantile,wk inc flu hosp
21,0,0.01,94.45430584458519,2024-03-02,2024-02-24,quantile,wk inc flu hosp
22,0,0.01,12.20409138884646,2024-03-02,2024-02-24,quantile,wk inc flu hosp
23,0,0.01,23.808752575374037,2024-03-02,2024-02-24,quantile,wk inc flu hosp
24,0,0.01,32.75137566665724,2024-03-02,2024-02-24,quantile,wk inc flu hosp
25,0,0.01,242.91639202119,2024-03-02,2024-02-24,quantile,wk inc flu hosp
26,0,0.01,375.174063669026,2024-03-02,2024-02-24,quantile,wk inc flu hosp
27,0,0.01,73.51935014385882,2024-03-02,2024-02-24,quantile,wk inc flu hosp
28,0,0.01,12.54810035289127,2024-03-02,2024-02-24,quantile,wk inc flu hosp
29,0,0.01,118.09323952001768,2024-03-02,2024-02-24,quantile,wk inc flu hosp
30,0,0.01,0.0,2024-03-02,2024-02-24,quantile,wk inc flu hosp
31,0,0.01,14.97819729806879,2024-03-02,2024-02-24,quantile,wk inc flu hosp
32,0,0.01,7.460444167947919,2024-03-02,2024-02-24,quantile,wk inc flu hosp
33,0,0.01,8.68041011297954,2024-03-02,2024-02-24,quantile,wk inc flu hosp
34,0,0.01,131.89297819284312,2024-03-02,2024-02-24,quantile,wk inc flu hosp
35,0,0.01,14.109248335958963,2024-03-02,2024-02-24,quantile,wk inc flu hosp
36,0,0.01,361.45803640087047,2024-03-02,2024-02-24,quantile,wk inc flu hosp
37,0,0.01,47.06991452685877,2024-03-02,2024-02-24,quantile,wk inc flu hosp
38,0,0.01,2.5836342044010965,2024-03-02,2024-02-24,quantile,wk inc flu hosp
39,0,0.01,245.74502058870812,2024-03-02,2024-02-24,quantile,wk inc flu hosp
40,0,0.01,111.78485953780331,2024-03-02,2024-02-24,quantile,wk inc flu hosp
41,0,0.01,7.27730778966099,2024-03-02,2024-02-24,quantile,wk inc flu hosp
42,0,0.01,212.8056712893332,2024-03-02,2024-02-24,quantile,wk inc flu hosp
44,0,0.01,3.1142428679233287,2024-03-02,2024-02-24,quantile,wk inc flu hosp
45,0,0.01,36.61596685256532,2024-03-02,2024-02-24,quantile,wk inc flu hosp
46,0,0.01,3.708271060017813,2024-03-02,2024-02-24,quantile,wk inc flu hosp
47,0,0.01,46.99524383979437,2024-03-02,2024-02-24,quantile,wk inc flu hosp
48,0,0.01,344.48246153184897,2024-03-02,2024-02-24,quantile,wk inc flu hosp
49,0,0.01,0.0,2024-03-02,2024-02-24,quantile,wk inc flu hosp
50,0,0.01,1.6014253108195577,2024-03-02,2024-02-24,quantile,wk inc flu hosp
51,0,0.01,61.71008332889759,2024-03-02,2024-02-24,quantile,wk inc flu hosp
53,0,0.01,3.049172455030821,2024-03-02,2024-02-24,quantile,wk inc flu hosp
54,0,0.01,63.915417291982266,2024-03-02,2024-02-24,quantile,wk inc flu hosp
55,0,0.01,78.18613159780142,2024-03-02,2024-02-24,quantile,wk inc flu hosp
56,0,0.01,7.275467070384685,2024-03-02,2024-02-24,quantile,wk inc flu hosp
72,0,0.01,10.259623775452448,2024-03-02,2024-02-24,quantile,wk inc flu hosp
US,0,0.01,4990.427639402177,2024-03-02,2024-02-24,quantile,wk inc flu hosp
01,0,0.025,39.993838719166554,2024-03-02,2024-02-24,quantile,wk inc flu hosp
02,0,0.025,0.0,2024-03-02,2024-02-24,quantile,wk inc flu hosp
04,0,0.025,29.540303803221075,2024-03-02,2024-02-24,quantile,wk inc flu hosp
05,0,0.025,91.36009387287461,2024-03-02,2024-02-24,quantile,wk inc flu hosp
06,0,0.025,48.538358992439825,2024-03-02,2024-02-24,quantile,wk inc flu hosp
08,0,0.025,38.7554129218906,2024-03-02,2024-02-24,quantile,wk inc flu hosp
09,0,0.025,33.31734049028615,2024-03-02,2024-02-24,quantile,wk inc flu hosp
10,0,0.025,6.4765766208073545,2024-03-02,2024-02-24,quantile,wk inc flu hosp
11,0,0.025,3.1746100680270435,2024-03-02,2024-02-24,quantile,wk inc flu hosp
12,0,0.025,299.59621361922143,2024-03-02,2024-02-24,quantile,wk inc flu hosp
13,0,0.025,56.216966385563985,2024-03-02,2024-02-24,quantile,wk inc flu hosp
15,0,0.025,0.0,2024-03-02,2024-02-24,quantile,wk inc flu hosp
16,0,0.025,12.709566807893896,2024-03-02,2024-02-24,quantile,wk inc flu hosp
17,0,0.025,104.30225899593081,2024-03-02,2024-02-24,quantile,wk inc flu hosp
18,0,0.025,166.64475793200143,2024-03-02,2024-02-24,quantile,wk inc flu hosp
19,0,0.025,43.318226103732286,2024-03-02,2024-02-24,quantile,wk inc flu hosp
20,0,0.025,82.64417989766042,2024-03-02,2024-02-24,quantile,wk inc flu hosp
21,0,0.025,115.48430129686149,2024-03-02,2024-02-24,quantile,wk inc flu hosp
22,0,0.025,15.815415780233755,2024-03-02,2024-02-24,quantile,wk inc flu hosp
23,0,0.025,32.12917732023965,2024-03-02,2024-02-24,quantile,wk inc flu hosp
24,0,0.025,42.96230393154231,2024-03-02,2024-02-24,quantile,wk inc flu hosp
25,0,0.025,273.88679235928487,2024-03-02,2024-02-24,quantile,wk inc flu hosp
26,0,0.025,421.9037607886723,2024-03-02,2024-02-24,quantile,wk inc flu hosp
27,0,0.025,87.04096871417362,2024-03-02,2024-02-24,quantile,wk inc flu hosp
28,0,0.025,18.66878024587624,2024-03-02,2024-02-24,quantile,wk inc flu hosp
29,0,0.025,136.77062946836966,2024-03-02,2024-02-24,quantile,wk inc flu hosp
30,0,0.025,0.0,2024-03-02,2024-02-24,quantile,wk inc flu hosp
31,0,0.025,18.53831224102644,2024-03-02,2024-02-24,quantile,wk inc flu hosp
32,0,0.025,12.008582969840074,2024-03-02,2024-02-24,quantile,wk inc flu hosp
33,0,0.025,11.127260827848444,2024-03-02,2024-02-24,quantile,wk inc flu hosp
34,0,0.025,156.34266030044745,2024-03-02,2024-02-24,quantile,wk inc flu hosp
35,0,0.025,19.640610997070684,2024-03-02,2024-02-24,quantile,wk inc flu hosp
36,0,0.025,395.8128302977145,2024-03-02,2024-02-24,quantile,wk inc flu hosp
37,0,0.025,56.63251818925411,2024-03-02,2024-02-24,quantile,wk inc flu hosp
38,0,0.025,3.4784043021422577,2024-03-02,2024-02-24,quantile,wk inc flu hosp
39,0,0.025,275.9231869707455,2024-03-02,2024-02-24,quantile,wk inc flu hosp
40,0,0.025,135.0409995794766,2024-03-02,2024-02-24,quantile,wk inc flu hosp
41,0,0.025,11.5820792801714,2024-03-02,2024-02-24,quantile,wk inc flu hosp
42,0,0.025,250.85885428450175,2024-03-02,2024-02-24,quantile,wk inc flu hosp
44,0,0.025,5.2666186749848976,2024-03-02,2024-02-24,quantile,wk inc flu hosp
45,0,0.025,45.228746114070525,2024-03-02,2024-02-24,quantile,wk inc flu hosp
46,0,0.025,5.732181820237931,2024-03-02,2024-02-24,quantile,wk inc flu hosp
47,0,0.025,60.60158336104608,2024-03-02,2024-02-24,quantile,wk inc flu hosp
48,0,0.025,375.6812819164805,2024-03-02,2024-02-24,quantile,wk inc flu hosp
49,0,0.025,0.0,2024-03-02,2024-02-24,quantile,wk inc flu hosp
50,0,0.025,3.1317815022100577,2024-03-02,2024-02-24,quantile,wk inc flu hosp
51,0,0.025,71.46149674560431,2024-03-02,2024-02-24,quantile,wk inc flu hosp
53,0,0.025,8.52363520262248,2024-03-02,2024-02-24,quantile,wk inc flu hosp
54,0,0.025,76.4617186999619,2024-03-02,2024-02-24,quantile,wk inc flu hosp
55,0,0.025,87.00825999054346,2024-03-02,2024-02-24,quantile,wk inc flu hosp
56,0,0.025,10.52495143179607,2024-03-02,2024-02-24,quantile,wk inc flu hosp
72,0,0.025,14.253563377591915,2024-03-02,2024-02-24,quantile,wk inc flu hosp
US,0,0.025,5667.9711170530545,2024-03-02,2024-02-24,quantile,wk inc flu hosp
01,0,0.05,48.011420358228584,2024-03-02,2024-02-24,quantile,wk inc flu hosp
02,0,0.05,0.0,2024-03-02,2024-02-24,quantile,wk inc flu hosp
04,0,0.05,37.48760815833139,2024-03-02,2024-02-24,quantile,wk inc flu hosp
05,0,0.05,102.61086715873013,2024-03-02,2024-02-24,quantile,wk inc flu hosp
06,0,0.05,71.07574852213612,2024-03-02,2024-02-24,quantile,wk inc flu hosp
08,0,0.05,48.14765181230269,2024-03-02,2024-02-24,quantile,wk inc flu hosp
09,0,0.05,40.347948110803394,2024-03-02,2024-02-24,quantile,wk inc flu hosp
10,0,0.05,9.797038115326604,2024-03-02,2024-02-24,quantile,wk inc flu hosp
11,0,0.05,5.025345171692697,2024-03-02,2024-02-24,quantile,wk inc flu hosp
12,0,0.05,339.4429604464666,2024-03-02,2024-02-24,quantile,wk inc flu hosp
13,0,0.05,66.36533222225663,2024-03-02,2024-02-24,quantile,wk inc flu hosp
15,0,0.05,0.0,2024-03-02,2024-02-24,quantile,wk inc flu hosp
16,0,0.05,16.449837277394032,2024-03-02,2024-02-24,quantile,wk inc flu hosp
17,0,0.05,121.59535993969445,2024-03-02,2024-02-24,quantile,wk inc flu hosp
18,0,0.05,186.76812676606778,2024-03-02,2024-02-24,quantile,wk inc flu hosp
19,0,0.05,52.49989845072598,2024-03-02,2024-02-24,quantile,wk inc flu hosp
20,0,0.05,89.39614603036961,2024-03-02,2024-02-24,quantile,wk inc flu hosp
21,0,0.05,134.6863624736573,2024-03-02,2024-02-24,quantile,wk inc flu hosp
22,0,0.05,20.967940357446345,2024-03-02,2024-02-24,quantile,wk inc flu hosp
23,0,0.05,38.07803323244095,2024-03-02,2024-02-24,quantile,wk inc flu hosp
24,0,0.05,51.75007392062768,2024-03-02,2024-02-24,quantile,wk inc flu hosp
25,0,0.05,301.9069176317519,2024-03-02,2024-02-24,quantile,wk inc flu hosp
26,0,0.05,472.0887014618923,2024-03-02,2024-02-24,quantile,wk inc flu hosp
27,0,0.05,94.8230636470082,2024-03-02,2024-02-24,quantile,wk inc flu hosp
28,0,0.05,23.499923905622655,2024-03-02,2024-02-24,quantile,wk inc flu hosp
29,0,0.05,169.5596283633636,2024-03-02,2024-02-24,quantile,wk inc flu hosp
30,0,0.05,0.0,2024-03-02,2024-02-24,quantile,wk inc flu hosp
31,0,0.05,22.567681416952894,2024-03-02,2024-02-24,quantile,wk inc flu hosp
32,0,0.05,15.569808128120435,2024-03-02,2024-02-24,quantile,wk inc flu hosp
33,0,0.05,12.72991843525927,2024-03-02,2024-02-24,quantile,wk inc flu hosp
34,0,0.05,181.02008566013612,2024-03-02,2024-02-24,quantile,wk inc flu hosp
35,0,0.05,25.736193479560246,2024-03-02,2024-02-24,quantile,wk inc flu hosp
36,0,0.05,435.57178727076194,2024-03-02,2024-02-24,quantile,wk inc flu hosp
37,0,0.05,68.2159347093699,2024-03-02,2024-02-24,quantile,wk inc flu hosp
38,0,0.05,5.29465129178498,2024-03-02,2024-02-24,quantile,wk inc flu hosp
39,0,0.05,297.33073827815457,2024-03-02,2024-02-24,quantile,wk inc flu hosp
40,0,0.05,158.85923148944775,2024-03-02,2024-02-24,quantile,wk inc flu hosp
41,0,0.05,14.949585517584735,2024-03-02,2024-02-24,quantile,wk inc flu hosp
42,0,0.05,290.62284921136586,2024-03-02,2024-02-24,quantile,wk inc flu hosp
44,0,0.05,7.70721648539255,2024-03-02,2024-02-24,quantile,wk inc flu hosp
45,0,0.05,55.13787005179346,2024-03-02,2024-02-24,quantile,wk inc flu hosp
46,0,0.05,7.5075260052120205,2024-03-02,2024-02-24,quantile,wk inc flu hosp
47,0,0.05,70.95682997202385,2024-03-02,2024-02-24,quantile,wk inc flu hosp
48,0,0.05,412.3695114282323,2024-03-02,2024-02-24,quantile,wk inc flu hosp
49,0,0.05,1.5997896229366122,2024-03-02,2024-02-24,quantile,wk inc flu hosp
50,0,0.05,4.439482881608318,2024-03-02,2024-02-24,quantile,wk inc flu hosp
51,0,0.05,87.76750862383697,2024-03-02,2024-02-24,quantile,wk inc flu hosp
53,0,0.05,13.60817252533011,2024-03-02,2024-02-24,quantile,wk inc flu hosp
54,0,0.05,89.3036519572947,2024-03-02,2024-02-24,quantile,wk inc flu hosp
55,0,0.05,100.88562545271337,2024-03-02,2024-02-24,quantile,wk inc flu hosp
56,0,0.05,14.61132134308062,2024-03-02,2024-02-24,quantile,wk inc flu hosp
72,0,0.05,18.89446572601205,2024-03-02,2024-02-24,quantile,wk inc flu hosp
US,0,0.05,6156.296595237382,2024-03-02,2024-02-24,quantile,wk inc flu hosp
01,0,0.1,60.191773089520225,2024-03-02,2024-02-24,quantile,wk inc flu hosp
02,0,0.1,0.0,2024-03-02,2024-02-24,quantile,wk inc flu hosp
04,0,0.1,50.95898861305894,2024-03-02,2024-02-24,quantile,wk inc flu hosp
05,0,0.1,117.6990261481716,2024-03-02,2024-02-24,quantile,wk inc flu hosp
06,0,0.1,100.40108562064466,2024-03-02,2024-02-24,quantile,wk inc flu hosp
08,0,0.1,58.22536585501846,2024-03-02,2024-02-24,quantile,wk inc flu hosp
09,0,0.1,50.2933488648381,2024-03-02,2024-02-24,quantile,wk inc flu hosp
10,0,0.1,13.390512316120772,2024-03-02,2024-02-24,quantile,wk inc flu hosp
11,0,0.1,6.63665785676432,2024-03-02,2024-02-24,quantile,wk inc flu hosp
12,0,0.1,368.8678599490457,2024-03-02,2024-02-24,quantile,wk inc flu hosp
13,0,0.1,85.42079338556782,2024-03-02,2024-02-24,quantile,wk inc flu hosp
15,0,0.1,0.0,2024-03-02,2024-02-24,quantile,wk inc flu hosp
16,0,0.1,21.492724511199448,2024-03-02,2024-02-24,quantile,wk inc flu hosp
17,0,0.1,142.45304395415434,2024-03-02,2024-02-24,quantile,wk inc flu hosp
18,0,0.1,210.2174757890301,2024-03-02,2024-02-24,quantile,wk inc flu hosp
19,0,0.1,64.16570721083471,2024-03-02,2024-02-24,quantile,wk inc flu hosp
20,0,0.1,98.89897103174705,2024-03-02,2024-02-24,quantile,wk inc flu hosp
21,0,0.1,158.66783504709218,2024-03-02,2024-02-24,quantile,wk inc flu hosp
22,0,0.1,27.868327303287327,2024-03-02,2024-02-24,quantile,wk inc flu hosp
23,0,0.1,45.85888730835568,2024-03-02,2024-02-24,quantile,wk inc flu hosp
24,0,0.1,62.29854707480331,2024-03-02,2024-02-24,quantile,wk inc flu hosp
25,0,0.1,335.33471346063544,2024-03-02,2024-02-24,quantile,wk inc flu hosp
26,0,0.1,518.1617118907761,2024-03-02,2024-02-24,quantile,wk inc flu hosp
27,0,0.1,107.54690463753856,2024-03-02,2024-02-24,quantile,wk inc flu hosp
28,0,0.1,28.75263514339924,2024-03-02,2024-02-24,quantile,wk inc flu hosp
29,0,0.1,192.5835882024029,2024-03-02,2024-02-24,quantile,wk inc flu hosp
30,0,0.1,0.37942732479061125,2024-03-02,2024-02-24,quantile,wk inc flu hosp
31,0,0.1,27.130898614434567,2024-03-02,2024-02-24,quantile,wk inc flu hosp
32,0,0.1,20.53717220530397,2024-03-02,2024-02-24,quantile,wk inc flu hosp
33,0,0.1,17.003515113202184,2024-03-02,2024-02-24,quantile,wk inc flu hosp
34,0,0.1,210.759676385774,2024-03-02,2024-02-24,quantile,wk inc flu hosp
35,0,0.1,32.64387558534902,2024-03-02,2024-02-24,quantile,wk inc flu hosp
36,0,0.1,483.59690157848263,2024-03-02,2024-02-24,quantile,wk inc flu hosp
37,0,0.1,86.61930908612221,2024-03-02,2024-02-24,quantile,wk inc flu hosp
38,0,0.1,7.9276270839856915,2024-03-02,2024-02-24,quantile,wk inc flu hosp
39,0,0.1,340.20507632171666,2024-03-02,2024-02-24,quantile,wk inc flu hosp
40,0,0.1,186.54734579693618,2024-03-02,2024-02-24,quantile,wk inc flu hosp
41,0,0.1,21.41712733916883,2024-03-02,2024-02-24,quantile,wk inc flu hosp
42,0,0.1,333.03270615227905,2024-03-02,2024-02-24,quantile,wk inc flu hosp
44,0,0.1,10.616445864458429,2024-03-02,2024-02-24,quantile,wk inc flu hosp
45,0,0.1,67.13293070156024,2024-03-02,2024-02-24,quantile,wk inc flu hosp
46,0,0.1,10.860056492575552,2024-03-02,2024-02-24,quantile,wk inc flu hosp
47,0,0.1,88.04419512609826,2024-03-02,2024-02-24,quantile,wk inc flu hosp
48,0,0.1,461.55270219037146,2024-03-02,2024-02-24,quantile,wk inc flu hosp
49,0,0.1,4.351195916825082,2024-03-02,2024-02-24,quantile,wk inc flu hosp
50,0,0.1,6.0537248958259635,2024-03-02,2024-02-24,quantile,wk inc flu hosp
51,0,0.1,103.13428490022729,2024-03-02,2024-02-24,quantile,wk inc flu hosp
53,0,0.1,20.946972430024022,2024-03-02,2024-02-24,quantile,wk inc flu hosp
54,0,0.1,102.17604992845254,2024-03-02,2024-02-24,quantile,wk inc flu hosp
55,0,0.1,114.0004243350997,2024-03-02,2024-02-24,quantile,wk inc flu hosp
56,0,0.1,18.436337709946876,2024-03-02,2024-02-24,quantile,wk inc flu hosp
72,0,0.1,25.184667527439053,2024-03-02,2024-02-24,quantile,wk inc flu hosp
US,0,0.1,6846.39413841155,2024-03-02,2024-02-24,quantile,wk inc flu hosp
01,0,0.15,69.1790012447307,2024-03-02,2024-02-24,quantile,wk inc flu hosp
02,0,0.15,0.0,2024-03-02,2024-02-24,quantile,wk inc flu hosp
04,0,0.15,60.519016304249625,2024-03-02,2024-02-24,quantile,wk inc flu hosp
05,0,0.15,128.6514384641191,2024-03-02,2024-02-24,quantile,wk inc flu hosp
06,0,0.15,120.924339757572,2024-03-02,2024-02-24,quantile,wk inc flu hosp
08,0,0.15,65.71377413669052,2024-03-02,2024-02-24,quantile,wk inc flu hosp
09,0,0.15,57.80873925125313,2024-03-02,2024-02-24,quantile,wk inc flu hosp
10,0,0.15,15.936814908334236,2024-03-02,2024-02-24,quantile,wk inc flu hosp
11,0,0.15,8.399066679005236,2024-03-02,2024-02-24,quantile,wk inc flu hosp
12,0,0.15,394.6561624880903,2024-03-02,2024-02-24,quantile,wk inc flu hosp
13,0,0.15,98.38278680362394,2024-03-02,2024-02-24,quantile,wk inc flu hosp
15,0,0.15,0.5345330470184259,2024-03-02,2024-02-24,quantile,wk inc flu hosp
16,0,0.15,25.44515539214492,2024-03-02,2024-02-24,quantile,wk inc flu hosp
17,0,0.15,158.85595869542456,2024-03-02,2024-02-24,quantile,wk inc flu hosp
18,0,0.15,226.88595222280577,2024-03-02,2024-02-24,quantile,wk inc flu hosp
19,0,0.15,73.2374757283388,2024-03-02,2024-02-24,quantile,wk inc flu hosp
20,0,0.15,111.34703035914619,2024-03-02,2024-02-24,quantile,wk inc flu hosp
21,0,0.15,173.83038276107422,2024-03-02,2024-02-24,quantile,wk inc flu hosp
22,0,0.15,35.08191212613717,2024-03-02,2024-02-24,quantile,wk inc flu hosp
23,0,0.15,51.155069128327526,2024-03-02,2024-02-24,quantile,wk inc flu hosp
24,0,0.15,68.5403310666205,2024-03-02,2024-02-24,quantile,wk inc flu hosp
25,0,0.15,362.10081810349817,2024-03-02,2024-02-24,quantile,wk inc flu hosp
26,0,0.15,553.9381887549325,2024-03-02,2024-02-24,quantile,wk inc flu hosp
27,0,0.15,116.05213237684333,2024-03-02,2024-02-24,quantile,wk inc flu hosp
28,0,0.15,33.73315894877876,2024-03-02,2024-02-24,quantile,wk inc flu hosp
29,0,0.15,211.95476258616486,2024-03-02,2024-02-24,quantile,wk inc flu hosp
30,0,0.15,1.3155008648629254,2024-03-02,2024-02-24,quantile,wk inc flu hosp
31,0,0.15,31.889637066105095,2024-03-02,2024-02-24,quantile,wk inc flu hosp
32,0,0.15,24.026630634164913,2024-03-02,2024-02-24,quantile,wk inc flu hosp
33,0,0.15,20.04845386422834,2024-03-02,2024-02-24,quantile,wk inc flu hosp
34,0,0.15,227.51404694883487,2024-03-02,2024-02-24,quantile,wk inc flu hosp
35,0,0.15,37.37998768185127,2024-03-02,2024-02-24,quantile,wk inc flu hosp
36,0,0.15,524.2148655763457,2024-03-02,2024-02-24,quantile,wk inc flu hosp
37,0,0.15,95.94359028267041,2024-03-02,2024-02-24,quantile,wk inc flu hosp
38,0,0.15,9.911745945629288,2024-03-02,2024-02-24,quantile,wk inc flu hosp
39,0,0.15,360.93236260656295,2024-03-02,2024-02-24,quantile,wk inc flu hosp
40,0,0.15,202.14061210638377,2024-03-02,2024-02-24,quantile,wk inc flu hosp
41,0,0.15,25.99545053021824,2024-03-02,2024-02-24,quantile,wk inc flu hosp
42,0,0.15,356.78218586884776,2024-03-02,2024-02-24,quantile,wk inc flu hosp
44,0,0.15,13.706095107846249,2024-03-02,2024-02-24,quantile,wk inc flu hosp
45,0,0.15,74.47323301357237,2024-03-02,2024-02-24,quantile,wk inc flu hosp
46,0,0.15,13.677420637354214,2024-03-02,2024-02-24,quantile,wk inc flu hosp
47,0,0.15,98.5780380831939,2024-03-02,2024-02-24,quantile,wk inc flu hosp
48,0,0.15,502.50841980268524,2024-03-02,2024-02-24,quantile,wk inc flu hosp
49,0,0.15,6.348751471605184,2024-03-02,2024-02-24,quantile,wk inc flu hosp
50,0,0.15,7.352781757099557,2024-03-02,2024-02-24,quantile,wk inc flu hosp
51,0,0.15,113.34099907536527,2024-03-02,2024-02-24,quantile,wk inc flu hosp
53,0,0.15,25.89416802584529,2024-03-02,2024-02-24,quantile,wk inc flu hosp
54,0,0.15,114.331587946467,2024-03-02,2024-02-24,quantile,wk inc flu hosp
55,0,0.15,123.66711939780859,2024-03-02,2024-02-24,quantile,wk inc flu hosp
56,0,0.15,23.60671809039092,2024-03-02,2024-02-24,quantile,wk inc flu hosp
72,0,0.15,29.411266455968274,2024-03-02,2024-02-24,quantile,wk inc flu hosp
US,0,0.15,7305.525121749188,2024-03-02,2024-02-24,quantile,wk inc flu hosp
01,0,0.2,75.72376080266854,2024-03-02,2024-02-24,quantile,wk inc flu hosp
02,0,0.2,0.0,2024-03-02,2024-02-24,quantile,wk inc flu hosp
04,0,0.2,67.57612124971774,2024-03-02,2024-02-24,quantile,wk inc flu hosp
05,0,0.2,136.39163845059744,2024-03-02,2024-02-24,quantile,wk inc flu hosp
06,0,0.2,140.1645815158225,2024-03-02,2024-02-24,quantile,wk inc flu hosp
08,0,0.2,71.34251742339947,2024-03-02,2024-02-24,quantile,wk inc flu hosp
09,0,0.2,65.01210128899892,2024-03-02,2024-02-24,quantile,wk inc flu hosp
10,0,0.2,18.86009161062269,2024-03-02,2024-02-24,quantile,wk inc flu hosp
11,0,0.2,9.711792534036432,2024-03-02,2024-02-24,quantile,wk inc flu hosp
12,0,0.2,418.6151740973843,2024-03-02,2024-02-24,quantile,wk inc flu hosp
13,0,0.2,105.96920831397507,2024-03-02,2024-02-24,quantile,wk inc flu hosp
15,0,0.2,1.4683895785026417,2024-03-02,2024-02-24,quantile,wk inc flu hosp
16,0,0.2,29.3545073328117,2024-03-02,2024-02-24,quantile,wk inc flu hosp
17,0,0.2,171.5253572915002,2024-03-02,2024-02-24,quantile,wk inc flu hosp
18,0,0.2,241.13307895852162,2024-03-02,2024-02-24,quantile,wk inc flu hosp
19,0,0.2,79.75885689159662,2024-03-02,2024-02-24,quantile,wk inc flu hosp
20,0,0.2,121.95261160882505,2024-03-02,2024-02-24,quantile,wk inc flu hosp
21,0,0.2,189.9914186069836,2024-03-02,2024-02-24,quantile,wk inc flu hosp
22,0,0.2,38.97812466948858,2024-03-02,2024-02-24,quantile,wk inc flu hosp
23,0,0.2,56.63690095630795,2024-03-02,2024-02-24,quantile,wk inc flu hosp
24,0,0.2,73.9050878141825,2024-03-02,2024-02-24,quantile,wk inc flu hosp
25,0,0.2,381.2334900060963,2024-03-02,2024-02-24,quantile,wk inc flu hosp
26,0,0.2,593.5028818545012,2024-03-02,2024-02-24,quantile,wk inc flu hosp
27,0,0.2,122.81143530833474,2024-03-02,2024-02-24,quantile,wk inc flu hosp
28,0,0.2,38.06650627376799,2024-03-02,2024-02-24,quantile,wk inc flu hosp
29,0,0.2,227.93707190226658,2024-03-02,2024-02-24,quantile,wk inc flu hosp
30,0,0.2,2.0251447164635694,2024-03-02,2024-02-24,quantile,wk inc flu hosp
31,0,0.2,35.40373722191029,2024-03-02,2024-02-24,quantile,wk inc flu hosp
32,0,0.2,27.73318001697609,2024-03-02,2024-02-24,quantile,wk inc flu hosp
33,0,0.2,22.62315283510249,2024-03-02,2024-02-24,quantile,wk inc flu hosp
34,0,0.2,240.03848783607393,2024-03-02,2024-02-24,quantile,wk inc flu hosp
35,0,0.2,42.17212214027224,2024-03-02,2024-02-24,quantile,wk inc flu hosp
36,0,0.2,551.0686432972243,2024-03-02,2024-02-24,quantile,wk inc flu hosp
37,0,0.2,104.54594834418762,2024-03-02,2024-02-24,quantile,wk inc flu hosp
38,0,0.2,11.65319784729584,2024-03-02,2024-02-24,quantile,wk inc flu hosp
39,0,0.2,375.2849122735962,2024-03-02,2024-02-24,quantile,wk inc flu hosp
40,0,0.2,215.2981453861133,2024-03-02,2024-02-24,quantile,wk inc flu hosp
41,0,0.2,29.702252968821544,2024-03-02,2024-02-24,quantile,wk inc flu hosp
42,0,0.2,380.4673244704962,2024-03-02,2024-02-24,quantile,wk inc flu hosp
44,0,0.2,15.682308129480672,2024-03-02,2024-02-24,quantile,wk inc flu hosp
45,0,0.2,80.63107344965624,2024-03-02,2024-02-24,quantile,wk inc flu hosp
46,0,0.2,15.75288343260728,2024-03-02,2024-02-24,quantile,wk inc flu hosp
47,0,0.2,106.36492591479801,2024-03-02,2024-02-24,quantile,wk inc flu hosp
48,0,0.2,528.2699346722474,2024-03-02,2024-02-24,quantile,wk inc flu hosp
49,0,0.2,7.910562002758181,2024-03-02,2024-02-24,quantile,wk inc flu hosp
50,0,0.2,8.744467244295388,2024-03-02,2024-02-24,quantile,wk inc flu hosp
51,0,0.2,124.14178378322525,2024-03-02,2024-02-24,quantile,wk inc flu hosp
53,0,0.2,30.605636215202342,2024-03-02,2024-02-24,quantile,wk inc flu hosp
54,0,0.2,122.95505293147339,2024-03-02,2024-02-24,quantile,wk inc flu hosp
55,0,0.2,134.1382509555448,2024-03-02,2024-02-24,quantile,wk inc flu hosp
56,0,0.2,26.852834199195133,2024-03-02,2024-02-24,quantile,wk inc flu hosp
72,0,0.2,33.318885686223226,2024-03-02,2024-02-24,quantile,wk inc flu hosp
US,0,0.2,7575.822425701695,2024-03-02,2024-02-24,quantile,wk inc flu hosp
01,0,0.25,84.37644913536127,2024-03-02,2024-02-24,quantile,wk inc flu hosp
02,0,0.25,0.0,2024-03-02,2024-02-24,quantile,wk inc flu hosp
04,0,0.25,75.46834747731289,2024-03-02,2024-02-24,quantile,wk inc flu hosp
05,0,0.25,145.63170298646065,2024-03-02,2024-02-24,quantile,wk inc flu hosp
06,0,0.25,156.816556636384,2024-03-02,2024-02-24,quantile,wk inc flu hosp
08,0,0.25,75.4741086921922,2024-03-02,2024-02-24,quantile,wk inc flu hosp
09,0,0.25,71.6137009627835,2024-03-02,2024-02-24,quantile,wk inc flu hosp
10,0,0.25,22.41526261958734,2024-03-02,2024-02-24,quantile,wk inc flu hosp
11,0,0.25,10.799173646832639,2024-03-02,2024-02-24,quantile,wk inc flu hosp
12,0,0.25,435.6884938670999,2024-03-02,2024-02-24,quantile,wk inc flu hosp
13,0,0.25,113.0501713376365,2024-03-02,2024-02-24,quantile,wk inc flu hosp
15,0,0.25,2.532946276147154,2024-03-02,2024-02-24,quantile,wk inc flu hosp
16,0,0.25,32.21267203513331,2024-03-02,2024-02-24,quantile,wk inc flu hosp
17,0,0.25,181.32944927169126,2024-03-02,2024-02-24,quantile,wk inc flu hosp
18,0,0.25,253.97164573964008,2024-03-02,2024-02-24,quantile,wk inc flu hosp
19,0,0.25,84.55150755315205,2024-03-02,2024-02-24,quantile,wk inc flu hosp
20,0,0.25,130.38697254896837,2024-03-02,2024-02-24,quantile,wk inc flu hosp
21,0,0.25,203.626908303208,2024-03-02,2024-02-24,quantile,wk inc flu hosp
22,0,0.25,43.73897639106902,2024-03-02,2024-02-24,quantile,wk inc flu hosp
23,0,0.25,61.912455667589846,2024-03-02,2024-02-24,quantile,wk inc flu hosp
24,0,0.25,79.98917746134522,2024-03-02,2024-02-24,quantile,wk inc flu hosp
25,0,0.25,401.1155620248586,2024-03-02,2024-02-24,quantile,wk inc flu hosp
26,0,0.25,626.4661396712722,2024-03-02,2024-02-24,quantile,wk inc flu hosp
27,0,0.25,128.4423101344632,2024-03-02,2024-02-24,quantile,wk inc flu hosp
28,0,0.25,41.76189068172851,2024-03-02,2024-02-24,quantile,wk inc flu hosp
29,0,0.25,240.22062663508876,2024-03-02,2024-02-24,quantile,wk inc flu hosp
30,0,0.25,2.7096782661424137,2024-03-02,2024-02-24,quantile,wk inc flu hosp
31,0,0.25,37.99918003220732,2024-03-02,2024-02-24,quantile,wk inc flu hosp
32,0,0.25,31.391634964662366,2024-03-02,2024-02-24,quantile,wk inc flu hosp
33,0,0.25,24.41927551773502,2024-03-02,2024-02-24,quantile,wk inc flu hosp
34,0,0.25,255.76851186442926,2024-03-02,2024-02-24,quantile,wk inc flu hosp
35,0,0.25,46.05493966471169,2024-03-02,2024-02-24,quantile,wk inc flu hosp
36,0,0.25,571.9543615247565,2024-03-02,2024-02-24,quantile,wk inc flu hosp
37,0,0.25,114.47970577688322,2024-03-02,2024-02-24,quantile,wk inc flu hosp
38,0,0.25,13.680868436665072,2024-03-02,2024-02-24,quantile,wk inc flu hosp
39,0,0.25,392.2433920824714,2024-03-02,2024-02-24,quantile,wk inc flu hosp
40,0,0.25,232.1662657079101,2024-03-02,2024-02-24,quantile,wk inc flu hosp
41,0,0.25,33.10194244145456,2024-03-02,2024-02-24,quantile,wk inc flu hosp
42,0,0.25,402.5391078836819,2024-03-02,2024-02-24,quantile,wk inc flu hosp
44,0,0.25,17.875765597158328,2024-03-02,2024-02-24,quantile,wk inc flu hosp
45,0,0.25,86.88455785172971,2024-03-02,2024-02-24,quantile,wk inc flu hosp
46,0,0.25,17.79954729586029,2024-03-02,2024-02-24,quantile,wk inc flu hosp
47,0,0.25,115.65154523565506,2024-03-02,2024-02-24,quantile,wk inc flu hosp
48,0,0.25,551.5817018224735,2024-03-02,2024-02-24,quantile,wk inc flu hosp
49,0,0.25,9.62522880088311,2024-03-02,2024-02-24,quantile,wk inc flu hosp
50,0,0.25,10.061138535888661,2024-03-02,2024-02-24,quantile,wk inc flu hosp
51,0,0.25,134.71503403518048,2024-03-02,2024-02-24,quantile,wk inc flu hosp
53,0,0.25,35.812689537991055,2024-03-02,2024-02-24,quantile,wk inc flu hosp
54,0,0.25,131.93964076145517,2024-03-02,2024-02-24,quantile,wk inc flu hosp
55,0,0.25,143.9820667449283,2024-03-02,2024-02-24,quantile,wk inc flu hosp
56,0,0.25,29.945640912335836,2024-03-02,2024-02-24,quantile,wk inc flu hosp
72,0,0.25,36.493763878848625,2024-03-02,2024-02-24,quantile,wk inc flu hosp
US,0,0.25,7870.016725123099,2024-03-02,2024-02-24,quantile,wk inc flu hosp
01,0,0.3,89.57258826612879,2024-03-02,2024-02-24,quantile,wk inc flu hosp
02,0,0.3,0.0,2024-03-02,2024-02-24,quantile,wk inc flu hosp
04,0,0.3,81.0700223801452,2024-03-02,2024-02-24,quantile,wk inc flu hosp
05,0,0.3,152.47471254139035,2024-03-02,2024-02-24,quantile,wk inc flu hosp
06,0,0.3,170.44085176345757,2024-03-02,2024-02-24,quantile,wk inc flu hosp
08,0,0.3,80.6300579030381,2024-03-02,2024-02-24,quantile,wk inc flu hosp
09,0,0.3,78.20374317061673,2024-03-02,2024-02-24,quantile,wk inc flu hosp
10,0,0.3,24.589715844019366,2024-03-02,2024-02-24,quantile,wk inc flu hosp
11,0,0.3,12.099306796359496,2024-03-02,2024-02-24,quantile,wk inc flu hosp
12,0,0.3,453.2216167516335,2024-03-02,2024-02-24,quantile,wk inc flu hosp
13,0,0.3,121.13696259061763,2024-03-02,2024-02-24,quantile,wk inc flu hosp
15,0,0.3,3.5061010255132117,2024-03-02,2024-02-24,quantile,wk inc flu hosp
16,0,0.3,35.81249881499434,2024-03-02,2024-02-24,quantile,wk inc flu hosp
17,0,0.3,194.32189927680858,2024-03-02,2024-02-24,quantile,wk inc flu hosp
18,0,0.3,268.17339055361873,2024-03-02,2024-02-24,quantile,wk inc flu hosp
19,0,0.3,90.11936061299129,2024-03-02,2024-02-24,quantile,wk inc flu hosp
20,0,0.3,136.26387423291618,2024-03-02,2024-02-24,quantile,wk inc flu hosp
21,0,0.3,215.32244616030525,2024-03-02,2024-02-24,quantile,wk inc flu hosp
22,0,0.3,48.620774776011444,2024-03-02,2024-02-24,quantile,wk inc flu hosp
23,0,0.3,66.88767273462686,2024-03-02,2024-02-24,quantile,wk inc flu hosp
24,0,0.3,85.23072591100248,2024-03-02,2024-02-24,quantile,wk inc flu hosp
25,0,0.3,416.3165496220097,2024-03-02,2024-02-24,quantile,wk inc flu hosp
26,0,0.3,660.9909390207233,2024-03-02,2024-02-24,quantile,wk inc flu hosp
27,0,0.3,134.82126355486503,2024-03-02,2024-02-24,quantile,wk inc flu hosp
28,0,0.3,45.47076056888382,2024-03-02,2024-02-24,quantile,wk inc flu hosp
29,0,0.3,250.9679554684377,2024-03-02,2024-02-24,quantile,wk inc flu hosp
30,0,0.3,3.272008540486151,2024-03-02,2024-02-24,quantile,wk inc flu hosp
31,0,0.3,40.961811182692436,2024-03-02,2024-02-24,quantile,wk inc flu hosp
32,0,0.3,34.26662283148647,2024-03-02,2024-02-24,quantile,wk inc flu hosp
33,0,0.3,27.251657559295175,2024-03-02,2024-02-24,quantile,wk inc flu hosp
34,0,0.3,268.19129688654976,2024-03-02,2024-02-24,quantile,wk inc flu hosp
35,0,0.3,49.243717545480244,2024-03-02,2024-02-24,quantile,wk inc flu hosp
36,0,0.3,592.9196624341666,2024-03-02,2024-02-24,quantile,wk inc flu hosp
37,0,0.3,124.32668860427007,2024-03-02,2024-02-24,quantile,wk inc flu hosp
38,0,0.3,15.522980290563606,2024-03-02,2024-02-24,quantile,wk inc flu hosp
39,0,0.3,409.34553983457795,2024-03-02,2024-02-24,quantile,wk inc flu hosp
40,0,0.3,244.3944524204164,2024-03-02,2024-02-24,quantile,wk inc flu hosp
41,0,0.3,36.010514532212504,2024-03-02,2024-02-24,quantile,wk inc flu hosp
42,0,0.3,424.09219634932674,2024-03-02,2024-02-24,quantile,wk inc flu hosp
44,0,0.3,19.636459431624544,2024-03-02,2024-02-24,quantile,wk inc flu hosp
45,0,0.3,94.91304383587175,2024-03-02,2024-02-24,quantile,wk inc flu hosp
46,0,0.3,19.502685288586342,2024-03-02,2024-02-24,quantile,wk inc flu hosp
47,0,0.3,122.91090283354033,2024-03-02,2024-02-24,quantile,wk inc flu hosp
48,0,0.3,572.9755791367688,2024-03-02,2024-02-24,quantile,wk inc flu hosp
49,0,0.3,10.990375222564934,2024-03-02,2024-02-24,quantile,wk inc flu hosp
50,0,0.3,11.151127479877374,2024-03-02,2024-02-24,quantile,wk inc flu hosp
51,0,0.3,145.60900049748088,2024-03-02,2024-02-24,quantile,wk inc flu hosp
53,0,0.3,39.341120990774506,2024-03-02,2024-02-24,quantile,wk inc flu hosp
54,0,0.3,140.60965264741282,2024-03-02,2024-02-24,quantile,wk inc flu hosp
55,0,0.3,152.00811287322375,2024-03-02,2024-02-24,quantile,wk inc flu hosp
56,0,0.3,32.62107272891367,2024-03-02,2024-02-24,quantile,wk inc flu hosp
72,0,0.3,40.05960561451689,2024-03-02,2024-02-24,quantile,wk inc flu hosp
US,0,0.3,8158.893575687672,2024-03-02,2024-02-24,quantile,wk inc flu hosp
01,0,0.35,95.75996532813986,2024-03-02,2024-02-24,quantile,wk inc flu hosp
02,0,0.35,0.0,2024-03-02,2024-02-24,quantile,wk inc flu hosp
04,0,0.35,87.59333295800499,2024-03-02,2024-02-24,quantile,wk inc flu hosp
05,0,0.35,160.95852691191192,2024-03-02,2024-02-24,quantile,wk inc flu hosp
06,0,0.35,187.7093669028641,2024-03-02,2024-02-24,quantile,wk inc flu hosp
08,0,0.35,86.08820856290944,2024-03-02,2024-02-24,quantile,wk inc flu hosp
09,0,0.35,82.4663797411527,2024-03-02,2024-02-24,quantile,wk inc flu hosp
10,0,0.35,27.086860649512122,2024-03-02,2024-02-24,quantile,wk inc flu hosp
11,0,0.35,13.43234231440932,2024-03-02,2024-02-24,quantile,wk inc flu hosp
12,0,0.35,472.1359573036313,2024-03-02,2024-02-24,quantile,wk inc flu hosp
13,0,0.35,128.94624582206526,2024-03-02,2024-02-24,quantile,wk inc flu hosp
15,0,0.35,4.596650759497674,2024-03-02,2024-02-24,quantile,wk inc flu hosp
16,0,0.35,39.48601306701022,2024-03-02,2024-02-24,quantile,wk inc flu hosp
17,0,0.35,203.76812012625288,2024-03-02,2024-02-24,quantile,wk inc flu hosp
18,0,0.35,281.3590947110848,2024-03-02,2024-02-24,quantile,wk inc flu hosp
19,0,0.35,96.49337592925575,2024-03-02,2024-02-24,quantile,wk inc flu hosp
20,0,0.35,144.01644443501857,2024-03-02,2024-02-24,quantile,wk inc flu hosp
21,0,0.35,227.580134596134,2024-03-02,2024-02-24,quantile,wk inc flu hosp
22,0,0.35,51.956872006880005,2024-03-02,2024-02-24,quantile,wk inc flu hosp
23,0,0.35,71.70877618970691,2024-03-02,2024-02-24,quantile,wk inc flu hosp
24,0,0.35,89.27819094395957,2024-03-02,2024-02-24,quantile,wk inc flu hosp
25,0,0.35,431.2122824561022,2024-03-02,2024-02-24,quantile,wk inc flu hosp
26,0,0.35,683.3882277223532,2024-03-02,2024-02-24,quantile,wk inc flu hosp
27,0,0.35,138.6498847183588,2024-03-02,2024-02-24,quantile,wk inc flu hosp
28,0,0.35,48.49061327685341,2024-03-02,2024-02-24,quantile,wk inc flu hosp
29,0,0.35,260.96252280939314,2024-03-02,2024-02-24,quantile,wk inc flu hosp
30,0,0.35,4.014600157254935,2024-03-02,2024-02-24,quantile,wk inc flu hosp
31,0,0.35,43.60616587221899,2024-03-02,2024-02-24,quantile,wk inc flu hosp
32,0,0.35,36.830511609317014,2024-03-02,2024-02-24,quantile,wk inc flu hosp
33,0,0.35,29.69861246714582,2024-03-02,2024-02-24,quantile,wk inc flu hosp
34,0,0.35,278.427062432394,2024-03-02,2024-02-24,quantile,wk inc flu hosp
35,0,0.35,53.02311759269973,2024-03-02,2024-02-24,quantile,wk inc flu hosp
36,0,0.35,613.907575284269,2024-03-02,2024-02-24,quantile,wk inc flu hosp
37,0,0.35,132.76014305246355,2024-03-02,2024-02-24,quantile,wk inc flu hosp
38,0,0.35,17.42988648535612,2024-03-02,2024-02-24,quantile,wk inc flu hosp
39,0,0.35,427.342236494104,2024-03-02,2024-02-24,quantile,wk inc flu hosp
40,0,0.35,257.936013754456,2024-03-02,2024-02-24,quantile,wk inc flu hosp
41,0,0.35,39.86621723615218,2024-03-02,2024-02-24,quantile,wk inc flu hosp
42,0,0.35,443.88202226200775,2024-03-02,2024-02-24,quantile,wk inc flu hosp
44,0,0.35,21.686540757084018,2024-03-02,2024-02-24,quantile,wk inc flu hosp
45,0,0.35,100.78415201039486,2024-03-02,2024-02-24,quantile,wk inc flu hosp
46,0,0.35,21.71682570912956,2024-03-02,2024-02-24,quantile,wk inc flu hosp
47,0,0.35,129.92897546682983,2024-03-02,2024-02-24,quantile,wk inc flu hosp
48,0,0.35,599.013675105041,2024-03-02,2024-02-24,quantile,wk inc flu hosp
49,0,0.35,12.653138812149297,2024-03-02,2024-02-24,quantile,wk inc flu hosp
50,0,0.35,12.246520468416207,2024-03-02,2024-02-24,quantile,wk inc flu hosp
51,0,0.35,155.265934036769,2024-03-02,2024-02-24,quantile,wk inc flu hosp
53,0,0.35,44.77618142298339,2024-03-02,2024-02-24,quantile,wk inc flu hosp
54,0,0.35,147.52838111748707,2024-03-02,2024-02-24,quantile,wk inc flu hosp
55,0,0.35,159.98193045425813,2024-03-02,2024-02-24,quantile,wk inc flu hosp
56,0,0.35,35.41199525533243,2024-03-02,2024-02-24,quantile,wk inc flu hosp
72,0,0.35,43.29557217477875,2024-03-02,2024-02-24,quantile,wk inc flu hosp
US,0,0.35,8393.656910437177,2024-03-02,2024-02-24,quantile,wk inc flu hosp
01,0,0.4,102.40671335710094,2024-03-02,2024-02-24,quantile,wk inc flu hosp
02,0,0.4,0.0,2024-03-02,2024-02-24,quantile,wk inc flu hosp
04,0,0.4,94.98597143234443,2024-03-02,2024-02-24,quantile,wk inc flu hosp
05,0,0.4,168.30296541476295,2024-03-02,2024-02-24,quantile,wk inc flu hosp
06,0,0.4,200.60819499704036,2024-03-02,2024-02-24,quantile,wk inc flu hosp
08,0,0.4,90.55629935465512,2024-03-02,2024-02-24,quantile,wk inc flu hosp
09,0,0.4,87.56334541762898,2024-03-02,2024-02-24,quantile,wk inc flu hosp
10,0,0.4,29.733256294071598,2024-03-02,2024-02-24,quantile,wk inc flu hosp
11,0,0.4,14.679056009319963,2024-03-02,2024-02-24,quantile,wk inc flu hosp
12,0,0.4,490.6724379127586,2024-03-02,2024-02-24,quantile,wk inc flu hosp
13,0,0.4,137.0782744177039,2024-03-02,2024-02-24,quantile,wk inc flu hosp
15,0,0.4,5.373484931629222,2024-03-02,2024-02-24,quantile,wk inc flu hosp
16,0,0.4,42.31309801611811,2024-03-02,2024-02-24,quantile,wk inc flu hosp
17,0,0.4,214.71045988876733,2024-03-02,2024-02-24,quantile,wk inc flu hosp
18,0,0.4,290.84723021094663,2024-03-02,2024-02-24,quantile,wk inc flu hosp
19,0,0.4,101.6368287039046,2024-03-02,2024-02-24,quantile,wk inc flu hosp
20,0,0.4,151.2785585444854,2024-03-02,2024-02-24,quantile,wk inc flu hosp
21,0,0.4,239.22718954692553,2024-03-02,2024-02-24,quantile,wk inc flu hosp
22,0,0.4,55.018592355400585,2024-03-02,2024-02-24,quantile,wk inc flu hosp
23,0,0.4,75.2449731809508,2024-03-02,2024-02-24,quantile,wk inc flu hosp
24,0,0.4,94.24064309642733,2024-03-02,2024-02-24,quantile,wk inc flu hosp
25,0,0.4,447.11557151007503,2024-03-02,2024-02-24,quantile,wk inc flu hosp
26,0,0.4,708.9685205203659,2024-03-02,2024-02-24,quantile,wk inc flu hosp
27,0,0.4,145.37488394077207,2024-03-02,2024-02-24,quantile,wk inc flu hosp
28,0,0.4,52.55680741247305,2024-03-02,2024-02-24,quantile,wk inc flu hosp
29,0,0.4,273.0794172617827,2024-03-02,2024-02-24,quantile,wk inc flu hosp
30,0,0.4,4.842494078750579,2024-03-02,2024-02-24,quantile,wk inc flu hosp
31,0,0.4,46.11834428182937,2024-03-02,2024-02-24,quantile,wk inc flu hosp
32,0,0.4,39.8966664989023,2024-03-02,2024-02-24,quantile,wk inc flu hosp
33,0,0.4,31.4529797201312,2024-03-02,2024-02-24,quantile,wk inc flu hosp
34,0,0.4,292.73086397430757,2024-03-02,2024-02-24,quantile,wk inc flu hosp
35,0,0.4,56.75733773780037,2024-03-02,2024-02-24,quantile,wk inc flu hosp
36,0,0.4,635.0095982480499,2024-03-02,2024-02-24,quantile,wk inc flu hosp
37,0,0.4,141.3148894629544,2024-03-02,2024-02-24,quantile,wk inc flu hosp
38,0,0.4,19.333500864518328,2024-03-02,2024-02-24,quantile,wk inc flu hosp
39,0,0.4,445.33183891629534,2024-03-02,2024-02-24,quantile,wk inc flu hosp
40,0,0.4,270.45222889638836,2024-03-02,2024-02-24,quantile,wk inc flu hosp
41,0,0.4,43.80296000836526,2024-03-02,2024-02-24,quantile,wk inc flu hosp
42,0,0.4,462.36997972096526,2024-03-02,2024-02-24,quantile,wk inc flu hosp
44,0,0.4,24.14120416016776,2024-03-02,2024-02-24,quantile,wk inc flu hosp
45,0,0.4,105.07817785991853,2024-03-02,2024-02-24,quantile,wk inc flu hosp
46,0,0.4,23.634924750397946,2024-03-02,2024-02-24,quantile,wk inc flu hosp
47,0,0.4,137.1070213466849,2024-03-02,2024-02-24,quantile,wk inc flu hosp
48,0,0.4,612.0062126344108,2024-03-02,2024-02-24,quantile,wk inc flu hosp
49,0,0.4,13.955391142993756,2024-03-02,2024-02-24,quantile,wk inc flu hosp
50,0,0.4,13.561356093245614,2024-03-02,2024-02-24,quantile,wk inc flu hosp
51,0,0.4,167.65849937878258,2024-03-02,2024-02-24,quantile,wk inc flu hosp
53,0,0.4,48.49104711740578,2024-03-02,2024-02-24,quantile,wk inc flu hosp
54,0,0.4,154.97194914648657,2024-03-02,2024-02-24,quantile,wk inc flu hosp
55,0,0.4,166.12651850094173,2024-03-02,2024-02-24,quantile,wk inc flu hosp
56,0,0.4,37.85273572648872,2024-03-02,2024-02-24,quantile,wk inc flu hosp
72,0,0.4,46.147855033346374,2024-03-02,2024-02-24,quantile,wk inc flu hosp
US,0,0.4,8688.053037557282,2024-03-02,2024-02-24,quantile,wk inc flu hosp
01,0,0.45,107.54508600944419,2024-03-02,2024-02-24,quantile,wk inc flu hosp
02,0,0.45,0.0,2024-03-02,2024-02-24,quantile,wk inc flu hosp
04,0,0.45,100.38863578122549,2024-03-02,2024-02-24,quantile,wk inc flu hosp
05,0,0.45,175.47085371576694,2024-03-02,2024-02-24,quantile,wk inc flu hosp
06,0,0.45,213.76006132018023,2024-03-02,2024-02-24,quantile,wk inc flu hosp
08,0,0.45,94.09567975966297,2024-03-02,2024-02-24,quantile,wk inc flu hosp
09,0,0.45,92.62851343952809,2024-03-02,2024-02-24,quantile,wk inc flu hosp
10,0,0.45,32.62340922536493,2024-03-02,2024-02-24,quantile,wk inc flu hosp
11,0,0.45,16.128017520837965,2024-03-02,2024-02-24,quantile,wk inc flu hosp
12,0,0.45,509.51754867297024,2024-03-02,2024-02-24,quantile,wk inc flu hosp
13,0,0.45,144.51862189052946,2024-03-02,2024-02-24,quantile,wk inc flu hosp
15,0,0.45,6.507866742422991,2024-03-02,2024-02-24,quantile,wk inc flu hosp
16,0,0.45,45.61651187472674,2024-03-02,2024-02-24,quantile,wk inc flu hosp
17,0,0.45,224.58194730949893,2024-03-02,2024-02-24,quantile,wk inc flu hosp
18,0,0.45,302.923865866331,2024-03-02,2024-02-24,quantile,wk inc flu hosp
19,0,0.45,106.85290663259977,2024-03-02,2024-02-24,quantile,wk inc flu hosp
20,0,0.45,159.13706021658683,2024-03-02,2024-02-24,quantile,wk inc flu hosp
21,0,0.45,251.9662659217604,2024-03-02,2024-02-24,quantile,wk inc flu hosp
22,0,0.45,58.61168030819229,2024-03-02,2024-02-24,quantile,wk inc flu hosp
23,0,0.45,79.17960256668275,2024-03-02,2024-02-24,quantile,wk inc flu hosp
24,0,0.45,99.64197450532279,2024-03-02,2024-02-24,quantile,wk inc flu hosp
25,0,0.45,456.6941193499582,2024-03-02,2024-02-24,quantile,wk inc flu hosp
26,0,0.45,730.0417924957998,2024-03-02,2024-02-24,quantile,wk inc flu hosp
27,0,0.45,150.47662841548484,2024-03-02,2024-02-24,quantile,wk inc flu hosp
28,0,0.45,56.80926196079627,2024-03-02,2024-02-24,quantile,wk inc flu hosp
29,0,0.45,285.34258333362476,2024-03-02,2024-02-24,quantile,wk inc flu hosp
30,0,0.45,5.690212255148186,2024-03-02,2024-02-24,quantile,wk inc flu hosp
31,0,0.45,49.44623919847311,2024-03-02,2024-02-24,quantile,wk inc flu hosp
32,0,0.45,43.04552131123997,2024-03-02,2024-02-24,quantile,wk inc flu hosp
33,0,0.45,33.92763098878627,2024-03-02,2024-02-24,quantile,wk inc flu hosp
34,0,0.45,306.90760862696595,2024-03-02,2024-02-24,quantile,wk inc flu hosp
35,0,0.45,59.83756516026751,2024-03-02,2024-02-24,quantile,wk inc flu hosp
36,0,0.45,657.0046374618299,2024-03-02,2024-02-24,quantile,wk inc flu hosp
37,0,0.45,150.01780042821778,2024-03-02,2024-02-24,quantile,wk inc flu hosp
38,0,0.45,20.81916902769175,2024-03-02,2024-02-24,quantile,wk inc flu hosp
39,0,0.45,459.3844730091743,2024-03-02,2024-02-24,quantile,wk inc flu hosp
40,0,0.45,280.90480661082006,2024-03-02,2024-02-24,quantile,wk inc flu hosp
41,0,0.45,47.13561745643754,2024-03-02,2024-02-24,quantile,wk inc flu hosp
42,0,0.45,480.49401951872915,2024-03-02,2024-02-24,quantile,wk inc flu hosp
44,0,0.45,26.09992957480966,2024-03-02,2024-02-24,quantile,wk inc flu hosp
45,0,0.45,110.1815011211959,2024-03-02,2024-02-24,quantile,wk inc flu hosp
46,0,0.45,25.58254209746098,2024-03-02,2024-02-24,quantile,wk inc flu hosp
47,0,0.45,144.7979221143916,2024-03-02,2024-02-24,quantile,wk inc flu hosp
48,0,0.45,629.896336235096,2024-03-02,2024-02-24,quantile,wk inc flu hosp
49,0,0.45,15.263451851056955,2024-03-02,2024-02-24,quantile,wk inc flu hosp
50,0,0.45,14.705396619101085,2024-03-02,2024-02-24,quantile,wk inc flu hosp
51,0,0.45,175.6473102278561,2024-03-02,2024-02-24,quantile,wk inc flu hosp
53,0,0.45,52.818068015061876,2024-03-02,2024-02-24,quantile,wk inc flu hosp
54,0,0.45,162.5461210329469,2024-03-02,2024-02-24,quantile,wk inc flu hosp
55,0,0.45,172.79538501411685,2024-03-02,2024-02-24,quantile,wk inc flu hosp
56,0,0.45,41.54162791498196,2024-03-02,2024-02-24,quantile,wk inc flu hosp
72,0,0.45,48.953792416769225,2024-03-02,2024-02-24,quantile,wk inc flu hosp
US,0,0.45,8963.089824517025,2024-03-02,2024-02-24,quantile,wk inc flu hosp
01,0,0.5,113.95883707854748,2024-03-02,2024-02-24,quantile,wk inc flu hosp
02,0,0.5,0.2534381895174058,2024-03-02,2024-02-24,quantile,wk inc flu hosp
04,0,0.5,107.55951444734943,2024-03-02,2024-02-24,quantile,wk inc flu hosp
05,0,0.5,182.29596000058316,2024-03-02,2024-02-24,quantile,wk inc flu hosp
06,0,0.5,229.07389767547764,2024-03-02,2024-02-24,quantile,wk inc flu hosp
08,0,0.5,99.67988173252225,2024-03-02,2024-02-24,quantile,wk inc flu hosp
09,0,0.5,98.90467549115719,2024-03-02,2024-02-24,quantile,wk inc flu hosp
10,0,0.5,35.14394275844317,2024-03-02,2024-02-24,quantile,wk inc flu hosp
11,0,0.5,17.491136508691124,2024-03-02,2024-02-24,quantile,wk inc flu hosp
12,0,0.5,529.932521581292,2024-03-02,2024-02-24,quantile,wk inc flu hosp
13,0,0.5,152.3926427882784,2024-03-02,2024-02-24,quantile,wk inc flu hosp
15,0,0.5,7.508065444706685,2024-03-02,2024-02-24,quantile,wk inc flu hosp
16,0,0.5,48.98389780882746,2024-03-02,2024-02-24,quantile,wk inc flu hosp
17,0,0.5,234.40211842695194,2024-03-02,2024-02-24,quantile,wk inc flu hosp
18,0,0.5,312.98745541877014,2024-03-02,2024-02-24,quantile,wk inc flu hosp
19,0,0.5,111.15653711424225,2024-03-02,2024-02-24,quantile,wk inc flu hosp
20,0,0.5,166.76023964708074,2024-03-02,2024-02-24,quantile,wk inc flu hosp
21,0,0.5,264.79827090158716,2024-03-02,2024-02-24,quantile,wk inc flu hosp
22,0,0.5,62.181025949018355,2024-03-02,2024-02-24,quantile,wk inc flu hosp
23,0,0.5,84.39014554026471,2024-03-02,2024-02-24,quantile,wk inc flu hosp
24,0,0.5,104.42175134477101,2024-03-02,2024-02-24,quantile,wk inc flu hosp
25,0,0.5,469.7646592660557,2024-03-02,2024-02-24,quantile,wk inc flu hosp
26,0,0.5,761.787138473491,2024-03-02,2024-02-24,quantile,wk inc flu hosp
27,0,0.5,155.24213800056486,2024-03-02,2024-02-24,quantile,wk inc flu hosp
28,0,0.5,60.62458263530266,2024-03-02,2024-02-24,quantile,wk inc flu hosp
29,0,0.5,295.70946598066325,2024-03-02,2024-02-24,quantile,wk inc flu hosp
30,0,0.5,6.604412298004973,2024-03-02,2024-02-24,quantile,wk inc flu hosp
31,0,0.5,52.48103654547249,2024-03-02,2024-02-24,quantile,wk inc flu hosp
32,0,0.5,46.210595967616904,2024-03-02,2024-02-24,quantile,wk inc flu hosp
33,0,0.5,36.381693548465456,2024-03-02,2024-02-24,quantile,wk inc flu hosp
34,0,0.5,323.55462911471767,2024-03-02,2024-02-24,quantile,wk inc flu hosp
35,0,0.5,64.22616897352836,2024-03-02,2024-02-24,quantile,wk inc flu hosp
36,0,0.5,673.7706732288453,2024-03-02,2024-02-24,quantile,wk inc flu hosp
37,0,0.5,158.42510716097146,2024-03-02,2024-02-24,quantile,wk inc flu hosp
38,0,0.5,22.791378880499405,2024-03-02,2024-02-24,quantile,wk inc flu hosp
39,0,0.5,479.33338073708273,2024-03-02,2024-02-24,quantile,wk inc flu hosp
40,0,0.5,291.54742724588874,2024-03-02,2024-02-24,quantile,wk inc flu hosp
41,0,0.5,50.521959276091884,2024-03-02,2024-02-24,quantile,wk inc flu hosp
42,0,0.5,498.76935961354354,2024-03-02,2024-02-24,quantile,wk inc flu hosp
44,0,0.5,28.221766286196587,2024-03-02,2024-02-24,quantile,wk inc flu hosp
45,0,0.5,117.29691818418713,2024-03-02,2024-02-24,quantile,wk inc flu hosp
46,0,0.5,27.92330484508318,2024-03-02,2024-02-24,quantile,wk inc flu hosp
47,0,0.5,152.57432638785104,2024-03-02,2024-02-24,quantile,wk inc flu hosp
48,0,0.5,653.7455391265198,2024-03-02,2024-02-24,quantile,wk inc flu hosp
49,0,0.5,16.62923265141414,2024-03-02,2024-02-24,quantile,wk inc flu hosp
50,0,0.5,15.868518823882606,2024-03-02,2024-02-24,quantile,wk inc flu hosp
51,0,0.5,183.3663488620682,2024-03-02,2024-02-24,quantile,wk inc flu hosp
53,0,0.5,56.05491758121266,2024-03-02,2024-02-24,quantile,wk inc flu hosp
54,0,0.5,169.30868530606605,2024-03-02,2024-02-24,quantile,wk inc flu hosp
55,0,0.5,179.07504106167391,2024-03-02,2024-02-24,quantile,wk inc flu hosp
56,0,0.5,45.456233351969246,2024-03-02,2024-02-24,quantile,wk inc flu hosp
72,0,0.5,51.69618393984799,2024-03-02,2024-02-24,quantile,wk inc flu hosp
US,0,0.5,9177.781978818446,2024-03-02,2024-02-24,quantile,wk inc flu hosp
01,0,0.55,119.44121270727307,2024-03-02,2024-02-24,quantile,wk inc flu hosp
02,0,0.55,0.6284666425375505,2024-03-02,2024-02-24,quantile,wk inc flu hosp
04,0,0.55,114.39354425513876,2024-03-02,2024-02-24,quantile,wk inc flu hosp
05,0,0.55,189.75159073315393,2024-03-02,2024-02-24,quantile,wk inc flu hosp
06,0,0.55,242.6196657877067,2024-03-02,2024-02-24,quantile,wk inc flu hosp
08,0,0.55,104.69086957075758,2024-03-02,2024-02-24,quantile,wk inc flu hosp
09,0,0.55,104.72331169439413,2024-03-02,2024-02-24,quantile,wk inc flu hosp
10,0,0.55,38.058687734753654,2024-03-02,2024-02-24,quantile,wk inc flu hosp
11,0,0.55,19.111473562157332,2024-03-02,2024-02-24,quantile,wk inc flu hosp
12,0,0.55,549.0935946897624,2024-03-02,2024-02-24,quantile,wk inc flu hosp
13,0,0.55,162.2309821791503,2024-03-02,2024-02-24,quantile,wk inc flu hosp
15,0,0.55,8.708218273538762,2024-03-02,2024-02-24,quantile,wk inc flu hosp
16,0,0.55,52.471354405501856,2024-03-02,2024-02-24,quantile,wk inc flu hosp
17,0,0.55,246.07206344925308,2024-03-02,2024-02-24,quantile,wk inc flu hosp
18,0,0.55,324.5541677279482,2024-03-02,2024-02-24,quantile,wk inc flu hosp
19,0,0.55,115.40607047516012,2024-03-02,2024-02-24,quantile,wk inc flu hosp
20,0,0.55,174.25554464662858,2024-03-02,2024-02-24,quantile,wk inc flu hosp
21,0,0.55,279.1505381133699,2024-03-02,2024-02-24,quantile,wk inc flu hosp
22,0,0.55,66.61225935960402,2024-03-02,2024-02-24,quantile,wk inc flu hosp
23,0,0.55,89.41487009793174,2024-03-02,2024-02-24,quantile,wk inc flu hosp
24,0,0.55,109.87202371776588,2024-03-02,2024-02-24,quantile,wk inc flu hosp
25,0,0.55,483.7976829407962,2024-03-02,2024-02-24,quantile,wk inc flu hosp
26,0,0.55,790.5038042110814,2024-03-02,2024-02-24,quantile,wk inc flu hosp
27,0,0.55,160.75614622411817,2024-03-02,2024-02-24,quantile,wk inc flu hosp
28,0,0.55,64.81125816132774,2024-03-02,2024-02-24,quantile,wk inc flu hosp
29,0,0.55,305.7548672792244,2024-03-02,2024-02-24,quantile,wk inc flu hosp
30,0,0.55,7.633098927200746,2024-03-02,2024-02-24,quantile,wk inc flu hosp
31,0,0.55,55.97449900238515,2024-03-02,2024-02-24,quantile,wk inc flu hosp
32,0,0.55,49.61496935102043,2024-03-02,2024-02-24,quantile,wk inc flu hosp
33,0,0.55,38.788637737447395,2024-03-02,2024-02-24,quantile,wk inc flu hosp
34,0,0.55,334.7758406637382,2024-03-02,2024-02-24,quantile,wk inc flu hosp
35,0,0.55,68.15823278980591,2024-03-02,2024-02-24,quantile,wk inc flu hosp
36,0,0.55,697.5142838154818,2024-03-02,2024-02-24,quantile,wk inc flu hosp
37,0,0.55,168.07223923151273,2024-03-02,2024-02-24,quantile,wk inc flu hosp
38,0,0.55,24.97720162921338,2024-03-02,2024-02-24,quantile,wk inc flu hosp
39,0,0.55,497.4357700806366,2024-03-02,2024-02-24,quantile,wk inc flu hosp
40,0,0.55,303.78605675250424,2024-03-02,2024-02-24,quantile,wk inc flu hosp
41,0,0.55,54.4989918766897,2024-03-02,2024-02-24,quantile,wk inc flu hosp
42,0,0.55,515.4843686094342,2024-03-02,2024-02-24,quantile,wk inc flu hosp
44,0,0.55,29.93504107199199,2024-03-02,2024-02-24,quantile,wk inc flu hosp
45,0,0.55,123.15109242987681,2024-03-02,2024-02-24,quantile,wk inc flu hosp
46,0,0.55,30.18370884493274,2024-03-02,2024-02-24,quantile,wk inc flu hosp
47,0,0.55,160.9964303044481,2024-03-02,2024-02-24,quantile,wk inc flu hosp
48,0,0.55,672.630111467458,2024-03-02,2024-02-24,quantile,wk inc flu hosp
49,0,0.55,17.899324408770095,2024-03-02,2024-02-24,quantile,wk inc flu hosp
50,0,0.55,17.038794953681727,2024-03-02,2024-02-24,quantile,wk inc flu hosp
51,0,0.55,192.03299459025905,2024-03-02,2024-02-24,quantile,wk inc flu hosp
53,0,0.55,60.053384798853116,2024-03-02,2024-02-24,quantile,wk inc flu hosp
54,0,0.55,179.26542748297666,2024-03-02,2024-02-24,quantile,wk inc flu hosp
55,0,0.55,187.8416751740804,2024-03-02,2024-02-24,quantile,wk inc flu hosp
56,0,0.55,48.79996591901708,2024-03-02,2024-02-24,quantile,wk inc flu hosp
72,0,0.55,54.216778567759285,2024-03-02,2024-02-24,quantile,wk inc flu hosp
US,0,0.55,9445.943157162777,2024-03-02,2024-02-24,quantile,wk inc flu hosp
01,0,0.6,125.16611923649853,2024-03-02,2024-02-24,quantile,wk inc flu hosp
02,0,0.6,1.1070607726639263,2024-03-02,2024-02-24,quantile,wk inc flu hosp
04,0,0.6,121.38975088221122,2024-03-02,2024-02-24,quantile,wk inc flu hosp
05,0,0.6,196.60046597656284,2024-03-02,2024-02-24,quantile,wk inc flu hosp
06,0,0.6,258.544144414271,2024-03-02,2024-02-24,quantile,wk inc flu hosp
08,0,0.6,110.05970140035252,2024-03-02,2024-02-24,quantile,wk inc flu hosp
09,0,0.6,110.43319474713866,2024-03-02,2024-02-24,quantile,wk inc flu hosp
10,0,0.6,40.912892277983445,2024-03-02,2024-02-24,quantile,wk inc flu hosp
11,0,0.6,20.71238604212479,2024-03-02,2024-02-24,quantile,wk inc flu hosp
12,0,0.6,568.1952484251185,2024-03-02,2024-02-24,quantile,wk inc flu hosp
13,0,0.6,169.73775317090505,2024-03-02,2024-02-24,quantile,wk inc flu hosp
15,0,0.6,9.774758068155215,2024-03-02,2024-02-24,quantile,wk inc flu hosp
16,0,0.6,56.209845640111325,2024-03-02,2024-02-24,quantile,wk inc flu hosp
17,0,0.6,256.06462485233925,2024-03-02,2024-02-24,quantile,wk inc flu hosp
18,0,0.6,333.69331176096307,2024-03-02,2024-02-24,quantile,wk inc flu hosp
19,0,0.6,122.61799171057636,2024-03-02,2024-02-24,quantile,wk inc flu hosp
20,0,0.6,179.32596797831405,2024-03-02,2024-02-24,quantile,wk inc flu hosp
21,0,0.6,292.2873418461603,2024-03-02,2024-02-24,quantile,wk inc flu hosp
22,0,0.6,71.36102014457406,2024-03-02,2024-02-24,quantile,wk inc flu hosp
23,0,0.6,94.31272871105604,2024-03-02,2024-02-24,quantile,wk inc flu hosp
24,0,0.6,114.89956201798122,2024-03-02,2024-02-24,quantile,wk inc flu hosp
25,0,0.6,499.5609090526983,2024-03-02,2024-02-24,quantile,wk inc flu hosp
26,0,0.6,822.3006815231533,2024-03-02,2024-02-24,quantile,wk inc flu hosp
27,0,0.6,166.58563375671895,2024-03-02,2024-02-24,quantile,wk inc flu hosp
28,0,0.6,68.04311505177039,2024-03-02,2024-02-24,quantile,wk inc flu hosp
29,0,0.6,317.1381478084968,2024-03-02,2024-02-24,quantile,wk inc flu hosp
30,0,0.6,8.687038548842889,2024-03-02,2024-02-24,quantile,wk inc flu hosp
31,0,0.6,59.47581912051908,2024-03-02,2024-02-24,quantile,wk inc flu hosp
32,0,0.6,52.20983404411304,2024-03-02,2024-02-24,quantile,wk inc flu hosp
33,0,0.6,41.65407309610824,2024-03-02,2024-02-24,quantile,wk inc flu hosp
34,0,0.6,352.5903002406256,2024-03-02,2024-02-24,quantile,wk inc flu hosp
35,0,0.6,72.00018090166806,2024-03-02,2024-02-24,quantile,wk inc flu hosp
36,0,0.6,723.9580386997653,2024-03-02,2024-02-24,quantile,wk inc flu hosp
37,0,0.6,177.72907839634019,2024-03-02,2024-02-24,quantile,wk inc flu hosp
38,0,0.6,27.613624096204955,2024-03-02,2024-02-24,quantile,wk inc flu hosp
39,0,0.6,511.79186771242604,2024-03-02,2024-02-24,quantile,wk inc flu hosp
40,0,0.6,316.6506958861052,2024-03-02,2024-02-24,quantile,wk inc flu hosp
41,0,0.6,58.45303702220056,2024-03-02,2024-02-24,quantile,wk inc flu hosp
42,0,0.6,532.8040726517606,2024-03-02,2024-02-24,quantile,wk inc flu hosp
44,0,0.6,32.6658123534077,2024-03-02,2024-02-24,quantile,wk inc flu hosp
45,0,0.6,130.45833524522143,2024-03-02,2024-02-24,quantile,wk inc flu hosp
46,0,0.6,32.887111336727685,2024-03-02,2024-02-24,quantile,wk inc flu hosp
47,0,0.6,172.1479228335374,2024-03-02,2024-02-24,quantile,wk inc flu hosp
48,0,0.6,691.0439898403107,2024-03-02,2024-02-24,quantile,wk inc flu hosp
49,0,0.6,19.517594364947634,2024-03-02,2024-02-24,quantile,wk inc flu hosp
50,0,0.6,18.56915909914181,2024-03-02,2024-02-24,quantile,wk inc flu hosp
51,0,0.6,201.41380956406456,2024-03-02,2024-02-24,quantile,wk inc flu hosp
53,0,0.6,64.82987538342184,2024-03-02,2024-02-24,quantile,wk inc flu hosp
54,0,0.6,187.87068617582023,2024-03-02,2024-02-24,quantile,wk inc flu hosp
55,0,0.6,195.3301530257174,2024-03-02,2024-02-24,quantile,wk inc flu hosp
56,0,0.6,51.54582540015807,2024-03-02,2024-02-24,quantile,wk inc flu hosp
72,0,0.6,57.16362748036783,2024-03-02,2024-02-24,quantile,wk inc flu hosp
US,0,0.6,9698.196243045972,2024-03-02,2024-02-24,quantile,wk inc flu hosp
01,0,0.65,131.66406876655628,2024-03-02,2024-02-24,quantile,wk inc flu hosp
02,0,0.65,1.4788249244228857,2024-03-02,2024-02-24,quantile,wk inc flu hosp
04,0,0.65,130.514299576563,2024-03-02,2024-02-24,quantile,wk inc flu hosp
05,0,0.65,205.06170503068824,2024-03-02,2024-02-24,quantile,wk inc flu hosp
06,0,0.65,275.3478294934166,2024-03-02,2024-02-24,quantile,wk inc flu hosp
08,0,0.65,115.05629567050418,2024-03-02,2024-02-24,quantile,wk inc flu hosp
09,0,0.65,116.32675605355792,2024-03-02,2024-02-24,quantile,wk inc flu hosp
10,0,0.65,43.951802014592936,2024-03-02,2024-02-24,quantile,wk inc flu hosp
11,0,0.65,22.29113950904141,2024-03-02,2024-02-24,quantile,wk inc flu hosp
12,0,0.65,591.6529347686054,2024-03-02,2024-02-24,quantile,wk inc flu hosp
13,0,0.65,177.77015877893697,2024-03-02,2024-02-24,quantile,wk inc flu hosp
15,0,0.65,11.377414228180875,2024-03-02,2024-02-24,quantile,wk inc flu hosp
16,0,0.65,59.547535878451896,2024-03-02,2024-02-24,quantile,wk inc flu hosp
17,0,0.65,268.4203094658412,2024-03-02,2024-02-24,quantile,wk inc flu hosp
18,0,0.65,347.9709640700539,2024-03-02,2024-02-24,quantile,wk inc flu hosp
19,0,0.65,129.93026981587164,2024-03-02,2024-02-24,quantile,wk inc flu hosp
20,0,0.65,189.15421706830816,2024-03-02,2024-02-24,quantile,wk inc flu hosp
21,0,0.65,305.761791939257,2024-03-02,2024-02-24,quantile,wk inc flu hosp
22,0,0.65,76.5704237119318,2024-03-02,2024-02-24,quantile,wk inc flu hosp
23,0,0.65,100.09446702148787,2024-03-02,2024-02-24,quantile,wk inc flu hosp
24,0,0.65,120.73118090221534,2024-03-02,2024-02-24,quantile,wk inc flu hosp
25,0,0.65,519.0293921596198,2024-03-02,2024-02-24,quantile,wk inc flu hosp
26,0,0.65,845.1366743765067,2024-03-02,2024-02-24,quantile,wk inc flu hosp
27,0,0.65,173.0546002008343,2024-03-02,2024-02-24,quantile,wk inc flu hosp
28,0,0.65,72.26966812042426,2024-03-02,2024-02-24,quantile,wk inc flu hosp
29,0,0.65,329.8744499947213,2024-03-02,2024-02-24,quantile,wk inc flu hosp
30,0,0.65,10.124608845663813,2024-03-02,2024-02-24,quantile,wk inc flu hosp
31,0,0.65,62.63005860859984,2024-03-02,2024-02-24,quantile,wk inc flu hosp
32,0,0.65,55.67697057894483,2024-03-02,2024-02-24,quantile,wk inc flu hosp
33,0,0.65,44.58430837474695,2024-03-02,2024-02-24,quantile,wk inc flu hosp
34,0,0.65,372.15520463570743,2024-03-02,2024-02-24,quantile,wk inc flu hosp
35,0,0.65,75.68228290132217,2024-03-02,2024-02-24,quantile,wk inc flu hosp
36,0,0.65,748.4444621862084,2024-03-02,2024-02-24,quantile,wk inc flu hosp
37,0,0.65,187.40952474913593,2024-03-02,2024-02-24,quantile,wk inc flu hosp
38,0,0.65,29.943383160157424,2024-03-02,2024-02-24,quantile,wk inc flu hosp
39,0,0.65,526.1514203783167,2024-03-02,2024-02-24,quantile,wk inc flu hosp
40,0,0.65,332.0696824580945,2024-03-02,2024-02-24,quantile,wk inc flu hosp
41,0,0.65,62.72957197750623,2024-03-02,2024-02-24,quantile,wk inc flu hosp
42,0,0.65,551.694872676055,2024-03-02,2024-02-24,quantile,wk inc flu hosp
44,0,0.65,34.934549141475806,2024-03-02,2024-02-24,quantile,wk inc flu hosp
45,0,0.65,135.61136704673345,2024-03-02,2024-02-24,quantile,wk inc flu hosp
46,0,0.65,35.36815892084921,2024-03-02,2024-02-24,quantile,wk inc flu hosp
47,0,0.65,181.72884492167873,2024-03-02,2024-02-24,quantile,wk inc flu hosp
48,0,0.65,720.274348283478,2024-03-02,2024-02-24,quantile,wk inc flu hosp
49,0,0.65,21.745256083493995,2024-03-02,2024-02-24,quantile,wk inc flu hosp
50,0,0.65,20.033268986388993,2024-03-02,2024-02-24,quantile,wk inc flu hosp
51,0,0.65,213.90690950798881,2024-03-02,2024-02-24,quantile,wk inc flu hosp
53,0,0.65,68.77447489548837,2024-03-02,2024-02-24,quantile,wk inc flu hosp
54,0,0.65,197.97694704134796,2024-03-02,2024-02-24,quantile,wk inc flu hosp
55,0,0.65,204.94770273845148,2024-03-02,2024-02-24,quantile,wk inc flu hosp
56,0,0.65,55.179663628914916,2024-03-02,2024-02-24,quantile,wk inc flu hosp
72,0,0.65,61.73131922172008,2024-03-02,2024-02-24,quantile,wk inc flu hosp
US,0,0.65,9970.083689390278,2024-03-02,2024-02-24,quantile,wk inc flu hosp
01,0,0.7,139.55999727616657,2024-03-02,2024-02-24,quantile,wk inc flu hosp
02,0,0.7,1.9877271127384932,2024-03-02,2024-02-24,quantile,wk inc flu hosp
04,0,0.7,138.06400407822892,2024-03-02,2024-02-24,quantile,wk inc flu hosp
05,0,0.7,214.71089745684364,2024-03-02,2024-02-24,quantile,wk inc flu hosp
06,0,0.7,295.18328218338905,2024-03-02,2024-02-24,quantile,wk inc flu hosp
08,0,0.7,120.45060853952981,2024-03-02,2024-02-24,quantile,wk inc flu hosp
09,0,0.7,123.08371248801085,2024-03-02,2024-02-24,quantile,wk inc flu hosp
10,0,0.7,47.42105174103826,2024-03-02,2024-02-24,quantile,wk inc flu hosp
11,0,0.7,23.738475446512084,2024-03-02,2024-02-24,quantile,wk inc flu hosp
12,0,0.7,613.5138623126821,2024-03-02,2024-02-24,quantile,wk inc flu hosp
13,0,0.7,186.48131862240692,2024-03-02,2024-02-24,quantile,wk inc flu hosp
15,0,0.7,13.251425688205028,2024-03-02,2024-02-24,quantile,wk inc flu hosp
16,0,0.7,63.47363615057151,2024-03-02,2024-02-24,quantile,wk inc flu hosp
17,0,0.7,280.4266444276355,2024-03-02,2024-02-24,quantile,wk inc flu hosp
18,0,0.7,362.05912842800194,2024-03-02,2024-02-24,quantile,wk inc flu hosp
19,0,0.7,136.87027395497807,2024-03-02,2024-02-24,quantile,wk inc flu hosp
20,0,0.7,196.8297094266923,2024-03-02,2024-02-24,quantile,wk inc flu hosp
21,0,0.7,318.79629680226833,2024-03-02,2024-02-24,quantile,wk inc flu hosp
22,0,0.7,80.30101626402195,2024-03-02,2024-02-24,quantile,wk inc flu hosp
23,0,0.7,107.97472166644832,2024-03-02,2024-02-24,quantile,wk inc flu hosp
24,0,0.7,126.02520972919538,2024-03-02,2024-02-24,quantile,wk inc flu hosp
25,0,0.7,538.858649758233,2024-03-02,2024-02-24,quantile,wk inc flu hosp
26,0,0.7,875.1503209175708,2024-03-02,2024-02-24,quantile,wk inc flu hosp
27,0,0.7,178.65717896845626,2024-03-02,2024-02-24,quantile,wk inc flu hosp
28,0,0.7,77.53718577353267,2024-03-02,2024-02-24,quantile,wk inc flu hosp
29,0,0.7,343.66738505329056,2024-03-02,2024-02-24,quantile,wk inc flu hosp
30,0,0.7,11.416015212335283,2024-03-02,2024-02-24,quantile,wk inc flu hosp
31,0,0.7,66.67150635974505,2024-03-02,2024-02-24,quantile,wk inc flu hosp
32,0,0.7,58.46894639235935,2024-03-02,2024-02-24,quantile,wk inc flu hosp
33,0,0.7,47.568272519656446,2024-03-02,2024-02-24,quantile,wk inc flu hosp
34,0,0.7,388.1052633831253,2024-03-02,2024-02-24,quantile,wk inc flu hosp
35,0,0.7,81.05558537725398,2024-03-02,2024-02-24,quantile,wk inc flu hosp
36,0,0.7,769.5973926260176,2024-03-02,2024-02-24,quantile,wk inc flu hosp
37,0,0.7,198.86591546058898,2024-03-02,2024-02-24,quantile,wk inc flu hosp
38,0,0.7,32.479985736443304,2024-03-02,2024-02-24,quantile,wk inc flu hosp
39,0,0.7,544.252186153129,2024-03-02,2024-02-24,quantile,wk inc flu hosp
40,0,0.7,346.41146282535533,2024-03-02,2024-02-24,quantile,wk inc flu hosp
41,0,0.7,68.66786980006775,2024-03-02,2024-02-24,quantile,wk inc flu hosp
42,0,0.7,575.1171597608669,2024-03-02,2024-02-24,quantile,wk inc flu hosp
44,0,0.7,37.83469058124886,2024-03-02,2024-02-24,quantile,wk inc flu hosp
45,0,0.7,142.96666611485094,2024-03-02,2024-02-24,quantile,wk inc flu hosp
46,0,0.7,38.99786799112848,2024-03-02,2024-02-24,quantile,wk inc flu hosp
47,0,0.7,190.73117890698097,2024-03-02,2024-02-24,quantile,wk inc flu hosp
48,0,0.7,742.4384226657324,2024-03-02,2024-02-24,quantile,wk inc flu hosp
49,0,0.7,23.576263711209815,2024-03-02,2024-02-24,quantile,wk inc flu hosp
50,0,0.7,21.924141785646466,2024-03-02,2024-02-24,quantile,wk inc flu hosp
51,0,0.7,222.6889538954486,2024-03-02,2024-02-24,quantile,wk inc flu hosp
53,0,0.7,74.35659158196316,2024-03-02,2024-02-24,quantile,wk inc flu hosp
54,0,0.7,208.88602594890452,2024-03-02,2024-02-24,quantile,wk inc flu hosp
55,0,0.7,213.35433116252113,2024-03-02,2024-02-24,quantile,wk inc flu hosp
56,0,0.7,59.93393723557338,2024-03-02,2024-02-24,quantile,wk inc flu hosp
72,0,0.7,65.73690828807626,2024-03-02,2024-02-24,quantile,wk inc flu hosp
US,0,0.7,10247.629635257144,2024-03-02,2024-02-24,quantile,wk inc flu hosp
01,0,0.75,149.551384850625,2024-03-02,2024-02-24,quantile,wk inc flu hosp
02,0,0.75,2.7024950097604643,2024-03-02,2024-02-24,quantile,wk inc flu hosp
04,0,0.75,149.93807115428822,2024-03-02,2024-02-24,quantile,wk inc flu hosp
05,0,0.75,225.07246954611927,2024-03-02,2024-02-24,quantile,wk inc flu hosp
06,0,0.75,311.1515723125128,2024-03-02,2024-02-24,quantile,wk inc flu hosp
08,0,0.75,128.45705456895683,2024-03-02,2024-02-24,quantile,wk inc flu hosp
09,0,0.75,130.498855011871,2024-03-02,2024-02-24,quantile,wk inc flu hosp
10,0,0.75,53.00023241331717,2024-03-02,2024-02-24,quantile,wk inc flu hosp
11,0,0.75,25.901340262966805,2024-03-02,2024-02-24,quantile,wk inc flu hosp
12,0,0.75,636.2152915412579,2024-03-02,2024-02-24,quantile,wk inc flu hosp
13,0,0.75,197.6104292309872,2024-03-02,2024-02-24,quantile,wk inc flu hosp
15,0,0.75,15.218868774661427,2024-03-02,2024-02-24,quantile,wk inc flu hosp
16,0,0.75,69.66968950991382,2024-03-02,2024-02-24,quantile,wk inc flu hosp
17,0,0.75,293.1764581638366,2024-03-02,2024-02-24,quantile,wk inc flu hosp
18,0,0.75,376.4495038894245,2024-03-02,2024-02-24,quantile,wk inc flu hosp
19,0,0.75,145.267931495531,2024-03-02,2024-02-24,quantile,wk inc flu hosp
20,0,0.75,204.78804763241592,2024-03-02,2024-02-24,quantile,wk inc flu hosp
21,0,0.75,335.0364247146899,2024-03-02,2024-02-24,quantile,wk inc flu hosp
22,0,0.75,85.71680667475795,2024-03-02,2024-02-24,quantile,wk inc flu hosp
23,0,0.75,114.05098319661175,2024-03-02,2024-02-24,quantile,wk inc flu hosp
24,0,0.75,133.00813685830454,2024-03-02,2024-02-24,quantile,wk inc flu hosp
25,0,0.75,561.8968866331536,2024-03-02,2024-02-24,quantile,wk inc flu hosp
26,0,0.75,906.0478252031288,2024-03-02,2024-02-24,quantile,wk inc flu hosp
27,0,0.75,186.99029582808797,2024-03-02,2024-02-24,quantile,wk inc flu hosp
28,0,0.75,83.56736592131854,2024-03-02,2024-02-24,quantile,wk inc flu hosp
29,0,0.75,357.9792459813191,2024-03-02,2024-02-24,quantile,wk inc flu hosp
30,0,0.75,13.420104358772743,2024-03-02,2024-02-24,quantile,wk inc flu hosp
31,0,0.75,72.43130177362556,2024-03-02,2024-02-24,quantile,wk inc flu hosp
32,0,0.75,62.51184675257701,2024-03-02,2024-02-24,quantile,wk inc flu hosp
33,0,0.75,50.973175388753255,2024-03-02,2024-02-24,quantile,wk inc flu hosp
34,0,0.75,405.30114334266267,2024-03-02,2024-02-24,quantile,wk inc flu hosp
35,0,0.75,87.50619796957629,2024-03-02,2024-02-24,quantile,wk inc flu hosp
36,0,0.75,803.3980190118081,2024-03-02,2024-02-24,quantile,wk inc flu hosp
37,0,0.75,212.1765095179106,2024-03-02,2024-02-24,quantile,wk inc flu hosp
38,0,0.75,35.01629491366373,2024-03-02,2024-02-24,quantile,wk inc flu hosp
39,0,0.75,562.5442994791257,2024-03-02,2024-02-24,quantile,wk inc flu hosp
40,0,0.75,366.9635774411922,2024-03-02,2024-02-24,quantile,wk inc flu hosp
41,0,0.75,73.63868238879267,2024-03-02,2024-02-24,quantile,wk inc flu hosp
42,0,0.75,596.0447149627737,2024-03-02,2024-02-24,quantile,wk inc flu hosp
44,0,0.75,40.3531211274832,2024-03-02,2024-02-24,quantile,wk inc flu hosp
45,0,0.75,150.87369728837217,2024-03-02,2024-02-24,quantile,wk inc flu hosp
46,0,0.75,43.15558044175016,2024-03-02,2024-02-24,quantile,wk inc flu hosp
47,0,0.75,200.35642769622888,2024-03-02,2024-02-24,quantile,wk inc flu hosp
48,0,0.75,767.1181873908304,2024-03-02,2024-02-24,quantile,wk inc flu hosp
49,0,0.75,26.07628031362102,2024-03-02,2024-02-24,quantile,wk inc flu hosp
50,0,0.75,24.035561184313597,2024-03-02,2024-02-24,quantile,wk inc flu hosp
51,0,0.75,235.34378159079532,2024-03-02,2024-02-24,quantile,wk inc flu hosp
53,0,0.75,81.26906515148723,2024-03-02,2024-02-24,quantile,wk inc flu hosp
54,0,0.75,219.59350894366492,2024-03-02,2024-02-24,quantile,wk inc flu hosp
55,0,0.75,223.33678546963384,2024-03-02,2024-02-24,quantile,wk inc flu hosp
56,0,0.75,63.64944725169743,2024-03-02,2024-02-24,quantile,wk inc flu hosp
72,0,0.75,69.81838882720932,2024-03-02,2024-02-24,quantile,wk inc flu hosp
US,0,0.75,10601.908976975768,2024-03-02,2024-02-24,quantile,wk inc flu hosp
01,0,0.8,157.4548749883476,2024-03-02,2024-02-24,quantile,wk inc flu hosp
02,0,0.8,3.489336773186821,2024-03-02,2024-02-24,quantile,wk inc flu hosp
04,0,0.8,165.82329810570886,2024-03-02,2024-02-24,quantile,wk inc flu hosp
05,0,0.8,237.66523824721605,2024-03-02,2024-02-24,quantile,wk inc flu hosp
06,0,0.8,331.942070301638,2024-03-02,2024-02-24,quantile,wk inc flu hosp
08,0,0.8,135.7593525986597,2024-03-02,2024-02-24,quantile,wk inc flu hosp
09,0,0.8,138.78626074200957,2024-03-02,2024-02-24,quantile,wk inc flu hosp
10,0,0.8,56.63687212283975,2024-03-02,2024-02-24,quantile,wk inc flu hosp
11,0,0.8,27.85099130519573,2024-03-02,2024-02-24,quantile,wk inc flu hosp
12,0,0.8,663.7807591367653,2024-03-02,2024-02-24,quantile,wk inc flu hosp
13,0,0.8,210.57665110935298,2024-03-02,2024-02-24,quantile,wk inc flu hosp
15,0,0.8,17.310565575096778,2024-03-02,2024-02-24,quantile,wk inc flu hosp
16,0,0.8,76.00072057764788,2024-03-02,2024-02-24,quantile,wk inc flu hosp
17,0,0.8,316.3462990826783,2024-03-02,2024-02-24,quantile,wk inc flu hosp
18,0,0.8,395.18332867599713,2024-03-02,2024-02-24,quantile,wk inc flu hosp
19,0,0.8,152.98865056222445,2024-03-02,2024-02-24,quantile,wk inc flu hosp
20,0,0.8,217.2283716710233,2024-03-02,2024-02-24,quantile,wk inc flu hosp
21,0,0.8,354.9477006872975,2024-03-02,2024-02-24,quantile,wk inc flu hosp
22,0,0.8,91.47044987092602,2024-03-02,2024-02-24,quantile,wk inc flu hosp
23,0,0.8,120.02277283936121,2024-03-02,2024-02-24,quantile,wk inc flu hosp
24,0,0.8,140.09450449585512,2024-03-02,2024-02-24,quantile,wk inc flu hosp
25,0,0.8,584.276014861567,2024-03-02,2024-02-24,quantile,wk inc flu hosp
26,0,0.8,944.5802083028017,2024-03-02,2024-02-24,quantile,wk inc flu hosp
27,0,0.8,192.93890651699488,2024-03-02,2024-02-24,quantile,wk inc flu hosp
28,0,0.8,90.85556679146025,2024-03-02,2024-02-24,quantile,wk inc flu hosp
29,0,0.8,376.99031610637496,2024-03-02,2024-02-24,quantile,wk inc flu hosp
30,0,0.8,15.347845970641309,2024-03-02,2024-02-24,quantile,wk inc flu hosp
31,0,0.8,77.06935073211459,2024-03-02,2024-02-24,quantile,wk inc flu hosp
32,0,0.8,66.21334601631659,2024-03-02,2024-02-24,quantile,wk inc flu hosp
33,0,0.8,55.349023664916714,2024-03-02,2024-02-24,quantile,wk inc flu hosp
34,0,0.8,424.76075282778345,2024-03-02,2024-02-24,quantile,wk inc flu hosp
35,0,0.8,93.5405391830136,2024-03-02,2024-02-24,quantile,wk inc flu hosp
36,0,0.8,825.8416469467713,2024-03-02,2024-02-24,quantile,wk inc flu hosp
37,0,0.8,224.87020700161307,2024-03-02,2024-02-24,quantile,wk inc flu hosp
38,0,0.8,37.978691233041864,2024-03-02,2024-02-24,quantile,wk inc flu hosp
39,0,0.8,590.4403998625655,2024-03-02,2024-02-24,quantile,wk inc flu hosp
40,0,0.8,387.1867809285061,2024-03-02,2024-02-24,quantile,wk inc flu hosp
41,0,0.8,79.2220803551394,2024-03-02,2024-02-24,quantile,wk inc flu hosp
42,0,0.8,627.0752852786804,2024-03-02,2024-02-24,quantile,wk inc flu hosp
44,0,0.8,44.40559774986019,2024-03-02,2024-02-24,quantile,wk inc flu hosp
45,0,0.8,161.6489481779637,2024-03-02,2024-02-24,quantile,wk inc flu hosp
46,0,0.8,47.710265079247954,2024-03-02,2024-02-24,quantile,wk inc flu hosp
47,0,0.8,210.99394943014718,2024-03-02,2024-02-24,quantile,wk inc flu hosp
48,0,0.8,801.3254987331453,2024-03-02,2024-02-24,quantile,wk inc flu hosp
49,0,0.8,28.448852036620142,2024-03-02,2024-02-24,quantile,wk inc flu hosp
50,0,0.8,26.77572245343345,2024-03-02,2024-02-24,quantile,wk inc flu hosp
51,0,0.8,250.27539360306088,2024-03-02,2024-02-24,quantile,wk inc flu hosp
53,0,0.8,88.35416461735392,2024-03-02,2024-02-24,quantile,wk inc flu hosp
54,0,0.8,236.88822735013065,2024-03-02,2024-02-24,quantile,wk inc flu hosp
55,0,0.8,234.98833220445778,2024-03-02,2024-02-24,quantile,wk inc flu hosp
56,0,0.8,69.961739726788,2024-03-02,2024-02-24,quantile,wk inc flu hosp
72,0,0.8,73.91833523201562,2024-03-02,2024-02-24,quantile,wk inc flu hosp
US,0,0.8,10880.657511057014,2024-03-02,2024-02-24,quantile,wk inc flu hosp
01,0,0.85,168.85389861931807,2024-03-02,2024-02-24,quantile,wk inc flu hosp
02,0,0.85,4.6026167496212,2024-03-02,2024-02-24,quantile,wk inc flu hosp
04,0,0.85,180.31683198099694,2024-03-02,2024-02-24,quantile,wk inc flu hosp
05,0,0.85,250.1845394744675,2024-03-02,2024-02-24,quantile,wk inc flu hosp
06,0,0.85,357.91172816263145,2024-03-02,2024-02-24,quantile,wk inc flu hosp
08,0,0.85,147.65210462901175,2024-03-02,2024-02-24,quantile,wk inc flu hosp
09,0,0.85,148.69242966465706,2024-03-02,2024-02-24,quantile,wk inc flu hosp
10,0,0.85,62.190937666878,2024-03-02,2024-02-24,quantile,wk inc flu hosp
11,0,0.85,30.6689732573518,2024-03-02,2024-02-24,quantile,wk inc flu hosp
12,0,0.85,704.8939205440735,2024-03-02,2024-02-24,quantile,wk inc flu hosp
13,0,0.85,222.8938950831201,2024-03-02,2024-02-24,quantile,wk inc flu hosp
15,0,0.85,20.005496977056183,2024-03-02,2024-02-24,quantile,wk inc flu hosp
16,0,0.85,83.82926647884642,2024-03-02,2024-02-24,quantile,wk inc flu hosp
17,0,0.85,340.97452319697567,2024-03-02,2024-02-24,quantile,wk inc flu hosp
18,0,0.85,414.63489930229974,2024-03-02,2024-02-24,quantile,wk inc flu hosp
19,0,0.85,163.06832188698596,2024-03-02,2024-02-24,quantile,wk inc flu hosp
20,0,0.85,228.70306428296453,2024-03-02,2024-02-24,quantile,wk inc flu hosp
21,0,0.85,382.4158701136212,2024-03-02,2024-02-24,quantile,wk inc flu hosp
22,0,0.85,101.71820190229721,2024-03-02,2024-02-24,quantile,wk inc flu hosp
23,0,0.85,128.85852787091434,2024-03-02,2024-02-24,quantile,wk inc flu hosp
24,0,0.85,148.81431611829893,2024-03-02,2024-02-24,quantile,wk inc flu hosp
25,0,0.85,611.6263163280843,2024-03-02,2024-02-24,quantile,wk inc flu hosp
26,0,0.85,1005.1758788548664,2024-03-02,2024-02-24,quantile,wk inc flu hosp
27,0,0.85,205.04879310212735,2024-03-02,2024-02-24,quantile,wk inc flu hosp
28,0,0.85,98.33564879158924,2024-03-02,2024-02-24,quantile,wk inc flu hosp
29,0,0.85,392.59602361187757,2024-03-02,2024-02-24,quantile,wk inc flu hosp
30,0,0.85,17.40442123606456,2024-03-02,2024-02-24,quantile,wk inc flu hosp
31,0,0.85,82.1528773759858,2024-03-02,2024-02-24,quantile,wk inc flu hosp
32,0,0.85,72.31297053722804,2024-03-02,2024-02-24,quantile,wk inc flu hosp
33,0,0.85,60.98145543421394,2024-03-02,2024-02-24,quantile,wk inc flu hosp
34,0,0.85,457.07345656685567,2024-03-02,2024-02-24,quantile,wk inc flu hosp
35,0,0.85,100.54803189883647,2024-03-02,2024-02-24,quantile,wk inc flu hosp
36,0,0.85,861.0969352122512,2024-03-02,2024-02-24,quantile,wk inc flu hosp
37,0,0.85,240.78837542139016,2024-03-02,2024-02-24,quantile,wk inc flu hosp
38,0,0.85,41.49436001599036,2024-03-02,2024-02-24,quantile,wk inc flu hosp
39,0,0.85,618.8030068299377,2024-03-02,2024-02-24,quantile,wk inc flu hosp
40,0,0.85,415.98990117194955,2024-03-02,2024-02-24,quantile,wk inc flu hosp
41,0,0.85,87.41693803757427,2024-03-02,2024-02-24,quantile,wk inc flu hosp
42,0,0.85,663.172544794987,2024-03-02,2024-02-24,quantile,wk inc flu hosp
44,0,0.85,47.97271666442879,2024-03-02,2024-02-24,quantile,wk inc flu hosp
45,0,0.85,174.61786922817484,2024-03-02,2024-02-24,quantile,wk inc flu hosp
46,0,0.85,52.99443688380631,2024-03-02,2024-02-24,quantile,wk inc flu hosp
47,0,0.85,229.4526380634165,2024-03-02,2024-02-24,quantile,wk inc flu hosp
48,0,0.85,838.744032638455,2024-03-02,2024-02-24,quantile,wk inc flu hosp
49,0,0.85,31.36845816313687,2024-03-02,2024-02-24,quantile,wk inc flu hosp
50,0,0.85,29.215065736760483,2024-03-02,2024-02-24,quantile,wk inc flu hosp
51,0,0.85,268.3118651171534,2024-03-02,2024-02-24,quantile,wk inc flu hosp
53,0,0.85,95.1498265568335,2024-03-02,2024-02-24,quantile,wk inc flu hosp
54,0,0.85,251.31708897178046,2024-03-02,2024-02-24,quantile,wk inc flu hosp
55,0,0.85,250.45414971711352,2024-03-02,2024-02-24,quantile,wk inc flu hosp
56,0,0.85,78.20300362520985,2024-03-02,2024-02-24,quantile,wk inc flu hosp
72,0,0.85,80.25683078044642,2024-03-02,2024-02-24,quantile,wk inc flu hosp
US,0,0.85,11489.347768300124,2024-03-02,2024-02-24,quantile,wk inc flu hosp
01,0,0.9,187.42724471918092,2024-03-02,2024-02-24,quantile,wk inc flu hosp
02,0,0.9,6.391634109858475,2024-03-02,2024-02-24,quantile,wk inc flu hosp
04,0,0.9,201.27275472051846,2024-03-02,2024-02-24,quantile,wk inc flu hosp
05,0,0.9,268.9277059581394,2024-03-02,2024-02-24,quantile,wk inc flu hosp
06,0,0.9,394.2426626511109,2024-03-02,2024-02-24,quantile,wk inc flu hosp
08,0,0.9,158.59263710439424,2024-03-02,2024-02-24,quantile,wk inc flu hosp
09,0,0.9,168.68932097048904,2024-03-02,2024-02-24,quantile,wk inc flu hosp
10,0,0.9,70.84065772795267,2024-03-02,2024-02-24,quantile,wk inc flu hosp
11,0,0.9,34.9874475292294,2024-03-02,2024-02-24,quantile,wk inc flu hosp
12,0,0.9,747.6356564086472,2024-03-02,2024-02-24,quantile,wk inc flu hosp
13,0,0.9,241.37782043092284,2024-03-02,2024-02-24,quantile,wk inc flu hosp
15,0,0.9,23.850537885657126,2024-03-02,2024-02-24,quantile,wk inc flu hosp
16,0,0.9,93.40360046436015,2024-03-02,2024-02-24,quantile,wk inc flu hosp
17,0,0.9,363.8887031248513,2024-03-02,2024-02-24,quantile,wk inc flu hosp
18,0,0.9,435.6127471960251,2024-03-02,2024-02-24,quantile,wk inc flu hosp
19,0,0.9,178.96185293240347,2024-03-02,2024-02-24,quantile,wk inc flu hosp
20,0,0.9,248.256693246659,2024-03-02,2024-02-24,quantile,wk inc flu hosp
21,0,0.9,415.8507717306748,2024-03-02,2024-02-24,quantile,wk inc flu hosp
22,0,0.9,111.43712476294546,2024-03-02,2024-02-24,quantile,wk inc flu hosp
23,0,0.9,140.3708261433082,2024-03-02,2024-02-24,quantile,wk inc flu hosp
24,0,0.9,162.1539360856058,2024-03-02,2024-02-24,quantile,wk inc flu hosp
25,0,0.9,655.9658360354713,2024-03-02,2024-02-24,quantile,wk inc flu hosp
26,0,0.9,1069.1534649274383,2024-03-02,2024-02-24,quantile,wk inc flu hosp
27,0,0.9,221.2706896591379,2024-03-02,2024-02-24,quantile,wk inc flu hosp
28,0,0.9,111.8063658894296,2024-03-02,2024-02-24,quantile,wk inc flu hosp
29,0,0.9,426.29246108028235,2024-03-02,2024-02-24,quantile,wk inc flu hosp
30,0,0.9,20.581903098735335,2024-03-02,2024-02-24,quantile,wk inc flu hosp
31,0,0.9,88.3420147922847,2024-03-02,2024-02-24,quantile,wk inc flu hosp
32,0,0.9,80.67909580045855,2024-03-02,2024-02-24,quantile,wk inc flu hosp
33,0,0.9,68.01502062068782,2024-03-02,2024-02-24,quantile,wk inc flu hosp
34,0,0.9,506.1700287823586,2024-03-02,2024-02-24,quantile,wk inc flu hosp
35,0,0.9,111.34084245708529,2024-03-02,2024-02-24,quantile,wk inc flu hosp
36,0,0.9,902.323384446163,2024-03-02,2024-02-24,quantile,wk inc flu hosp
37,0,0.9,265.4294839901958,2024-03-02,2024-02-24,quantile,wk inc flu hosp
38,0,0.9,47.86625239591167,2024-03-02,2024-02-24,quantile,wk inc flu hosp
39,0,0.9,656.5491705249516,2024-03-02,2024-02-24,quantile,wk inc flu hosp
40,0,0.9,450.45693892044505,2024-03-02,2024-02-24,quantile,wk inc flu hosp
41,0,0.9,95.86994226442124,2024-03-02,2024-02-24,quantile,wk inc flu hosp
42,0,0.9,708.1395527954705,2024-03-02,2024-02-24,quantile,wk inc flu hosp
44,0,0.9,54.542650656969116,2024-03-02,2024-02-24,quantile,wk inc flu hosp
45,0,0.9,189.15966616230352,2024-03-02,2024-02-24,quantile,wk inc flu hosp
46,0,0.9,61.55016429345655,2024-03-02,2024-02-24,quantile,wk inc flu hosp
47,0,0.9,245.73442406691487,2024-03-02,2024-02-24,quantile,wk inc flu hosp
48,0,0.9,879.6030470656739,2024-03-02,2024-02-24,quantile,wk inc flu hosp
49,0,0.9,37.42331113024418,2024-03-02,2024-02-24,quantile,wk inc flu hosp
50,0,0.9,33.58439388983806,2024-03-02,2024-02-24,quantile,wk inc flu hosp
51,0,0.9,295.0582073886813,2024-03-02,2024-02-24,quantile,wk inc flu hosp
53,0,0.9,109.95616268003546,2024-03-02,2024-02-24,quantile,wk inc flu hosp
54,0,0.9,276.3487897749802,2024-03-02,2024-02-24,quantile,wk inc flu hosp
55,0,0.9,269.35624178170195,2024-03-02,2024-02-24,quantile,wk inc flu hosp
56,0,0.9,89.34025466466997,2024-03-02,2024-02-24,quantile,wk inc flu hosp
72,0,0.9,88.06163358982874,2024-03-02,2024-02-24,quantile,wk inc flu hosp
US,0,0.9,12062.602291660698,2024-03-02,2024-02-24,quantile,wk inc flu hosp
01,0,0.95,211.33836452201297,2024-03-02,2024-02-24,quantile,wk inc flu hosp
02,0,0.95,10.18983324302323,2024-03-02,2024-02-24,quantile,wk inc flu hosp
04,0,0.95,237.20796054805345,2024-03-02,2024-02-24,quantile,wk inc flu hosp
05,0,0.95,297.7099029941868,2024-03-02,2024-02-24,quantile,wk inc flu hosp
06,0,0.95,460.7930284406516,2024-03-02,2024-02-24,quantile,wk inc flu hosp
08,0,0.95,174.71841303447763,2024-03-02,2024-02-24,quantile,wk inc flu hosp
09,0,0.95,192.21473593375885,2024-03-02,2024-02-24,quantile,wk inc flu hosp
10,0,0.95,83.65973605354293,2024-03-02,2024-02-24,quantile,wk inc flu hosp
11,0,0.95,41.72440736651224,2024-03-02,2024-02-24,quantile,wk inc flu hosp
12,0,0.95,821.1246677249418,2024-03-02,2024-02-24,quantile,wk inc flu hosp
13,0,0.95,270.10661860017353,2024-03-02,2024-02-24,quantile,wk inc flu hosp
15,0,0.95,29.936805263280025,2024-03-02,2024-02-24,quantile,wk inc flu hosp
16,0,0.95,109.62759683591877,2024-03-02,2024-02-24,quantile,wk inc flu hosp
17,0,0.95,413.9043810375869,2024-03-02,2024-02-24,quantile,wk inc flu hosp
18,0,0.95,474.2468258390265,2024-03-02,2024-02-24,quantile,wk inc flu hosp
19,0,0.95,198.75022038830343,2024-03-02,2024-02-24,quantile,wk inc flu hosp
20,0,0.95,277.07654474276757,2024-03-02,2024-02-24,quantile,wk inc flu hosp
21,0,0.95,464.7567395064429,2024-03-02,2024-02-24,quantile,wk inc flu hosp
22,0,0.95,132.45204383319688,2024-03-02,2024-02-24,quantile,wk inc flu hosp
23,0,0.95,163.32599704466733,2024-03-02,2024-02-24,quantile,wk inc flu hosp
24,0,0.95,180.9481622957603,2024-03-02,2024-02-24,quantile,wk inc flu hosp
25,0,0.95,721.1767580593572,2024-03-02,2024-02-24,quantile,wk inc flu hosp
26,0,0.95,1182.9045052723463,2024-03-02,2024-02-24,quantile,wk inc flu hosp
27,0,0.95,242.11100372415046,2024-03-02,2024-02-24,quantile,wk inc flu hosp
28,0,0.95,127.42415819979095,2024-03-02,2024-02-24,quantile,wk inc flu hosp
29,0,0.95,472.83433180359833,2024-03-02,2024-02-24,quantile,wk inc flu hosp
30,0,0.95,25.89459398196494,2024-03-02,2024-02-24,quantile,wk inc flu hosp
31,0,0.95,98.6014088244422,2024-03-02,2024-02-24,quantile,wk inc flu hosp
32,0,0.95,93.19895727513389,2024-03-02,2024-02-24,quantile,wk inc flu hosp
33,0,0.95,77.65322761981584,2024-03-02,2024-02-24,quantile,wk inc flu hosp
34,0,0.95,570.6260702795992,2024-03-02,2024-02-24,quantile,wk inc flu hosp
35,0,0.95,130.07317790156864,2024-03-02,2024-02-24,quantile,wk inc flu hosp
36,0,0.95,982.0728517886699,2024-03-02,2024-02-24,quantile,wk inc flu hosp
37,0,0.95,301.42987864220976,2024-03-02,2024-02-24,quantile,wk inc flu hosp
38,0,0.95,60.33828721716772,2024-03-02,2024-02-24,quantile,wk inc flu hosp
39,0,0.95,711.6481256699891,2024-03-02,2024-02-24,quantile,wk inc flu hosp
40,0,0.95,511.4356746206203,2024-03-02,2024-02-24,quantile,wk inc flu hosp
41,0,0.95,109.88447582019883,2024-03-02,2024-02-24,quantile,wk inc flu hosp
42,0,0.95,789.757058244656,2024-03-02,2024-02-24,quantile,wk inc flu hosp
44,0,0.95,66.04185984747009,2024-03-02,2024-02-24,quantile,wk inc flu hosp
45,0,0.95,211.4202691094949,2024-03-02,2024-02-24,quantile,wk inc flu hosp
46,0,0.95,74.58999899040657,2024-03-02,2024-02-24,quantile,wk inc flu hosp
47,0,0.95,281.2434316582748,2024-03-02,2024-02-24,quantile,wk inc flu hosp
48,0,0.95,947.3970156607166,2024-03-02,2024-02-24,quantile,wk inc flu hosp
49,0,0.95,45.14775586053295,2024-03-02,2024-02-24,quantile,wk inc flu hosp
50,0,0.95,40.87813864635553,2024-03-02,2024-02-24,quantile,wk inc flu hosp
51,0,0.95,331.12319503791446,2024-03-02,2024-02-24,quantile,wk inc flu hosp
53,0,0.95,130.60692676114817,2024-03-02,2024-02-24,quantile,wk inc flu hosp
54,0,0.95,320.18882669980553,2024-03-02,2024-02-24,quantile,wk inc flu hosp
55,0,0.95,292.23201717978435,2024-03-02,2024-02-24,quantile,wk inc flu hosp
56,0,0.95,105.95479430105058,2024-03-02,2024-02-24,quantile,wk inc flu hosp
72,0,0.95,101.3187108236277,2024-03-02,2024-02-24,quantile,wk inc flu hosp
US,0,0.95,13002.655745854003,2024-03-02,2024-02-24,quantile,wk inc flu hosp
01,0,0.975,241.66103630274412,2024-03-02,2024-02-24,quantile,wk inc flu hosp
02,0,0.975,12.771870463308215,2024-03-02,2024-02-24,quantile,wk inc flu hosp
04,0,0.975,275.9714155932996,2024-03-02,2024-02-24,quantile,wk inc flu hosp
05,0,0.975,328.7084967290693,2024-03-02,2024-02-24,quantile,wk inc flu hosp
06,0,0.975,523.7185556578017,2024-03-02,2024-02-24,quantile,wk inc flu hosp
08,0,0.975,193.28613081149996,2024-03-02,2024-02-24,quantile,wk inc flu hosp
09,0,0.975,219.07386700453512,2024-03-02,2024-02-24,quantile,wk inc flu hosp
10,0,0.975,101.02955683926874,2024-03-02,2024-02-24,quantile,wk inc flu hosp
11,0,0.975,50.37942373557485,2024-03-02,2024-02-24,quantile,wk inc flu hosp
12,0,0.975,882.2554222736422,2024-03-02,2024-02-24,quantile,wk inc flu hosp
13,0,0.975,288.1705927882221,2024-03-02,2024-02-24,quantile,wk inc flu hosp
15,0,0.975,35.62194509642787,2024-03-02,2024-02-24,quantile,wk inc flu hosp
16,0,0.975,124.79783624864635,2024-03-02,2024-02-24,quantile,wk inc flu hosp
17,0,0.975,439.78837833034015,2024-03-02,2024-02-24,quantile,wk inc flu hosp
18,0,0.975,513.7082238449132,2024-03-02,2024-02-24,quantile,wk inc flu hosp
19,0,0.975,231.8541856481761,2024-03-02,2024-02-24,quantile,wk inc flu hosp
20,0,0.975,300.21145575101315,2024-03-02,2024-02-24,quantile,wk inc flu hosp
21,0,0.975,506.10480602405096,2024-03-02,2024-02-24,quantile,wk inc flu hosp
22,0,0.975,144.74965597064846,2024-03-02,2024-02-24,quantile,wk inc flu hosp
23,0,0.975,183.88987887109067,2024-03-02,2024-02-24,quantile,wk inc flu hosp
24,0,0.975,195.1120516917554,2024-03-02,2024-02-24,quantile,wk inc flu hosp
25,0,0.975,777.109481708887,2024-03-02,2024-02-24,quantile,wk inc flu hosp
26,0,0.975,1302.678208778798,2024-03-02,2024-02-24,quantile,wk inc flu hosp
27,0,0.975,264.9129655207333,2024-03-02,2024-02-24,quantile,wk inc flu hosp
28,0,0.975,143.91922229153374,2024-03-02,2024-02-24,quantile,wk inc flu hosp
29,0,0.975,536.6093472538752,2024-03-02,2024-02-24,quantile,wk inc flu hosp
30,0,0.975,29.37074151612288,2024-03-02,2024-02-24,quantile,wk inc flu hosp
31,0,0.975,115.84585764106347,2024-03-02,2024-02-24,quantile,wk inc flu hosp
32,0,0.975,107.07481193956772,2024-03-02,2024-02-24,quantile,wk inc flu hosp
33,0,0.975,86.09594437533998,2024-03-02,2024-02-24,quantile,wk inc flu hosp
34,0,0.975,624.9585727008592,2024-03-02,2024-02-24,quantile,wk inc flu hosp
35,0,0.975,147.04475290659835,2024-03-02,2024-02-24,quantile,wk inc flu hosp
36,0,0.975,1045.1846339550855,2024-03-02,2024-02-24,quantile,wk inc flu hosp
37,0,0.975,329.3747826129298,2024-03-02,2024-02-24,quantile,wk inc flu hosp
38,0,0.975,67.59440195204861,2024-03-02,2024-02-24,quantile,wk inc flu hosp
39,0,0.975,760.5846687244454,2024-03-02,2024-02-24,quantile,wk inc flu hosp
40,0,0.975,571.037141944941,2024-03-02,2024-02-24,quantile,wk inc flu hosp
41,0,0.975,125.60265646921471,2024-03-02,2024-02-24,quantile,wk inc flu hosp
42,0,0.975,857.4576360839553,2024-03-02,2024-02-24,quantile,wk inc flu hosp
44,0,0.975,76.20935122284993,2024-03-02,2024-02-24,quantile,wk inc flu hosp
45,0,0.975,236.62125630057344,2024-03-02,2024-02-24,quantile,wk inc flu hosp
46,0,0.975,88.70169742547012,2024-03-02,2024-02-24,quantile,wk inc flu hosp
47,0,0.975,301.91798979203804,2024-03-02,2024-02-24,quantile,wk inc flu hosp
48,0,0.975,1003.4764777549931,2024-03-02,2024-02-24,quantile,wk inc flu hosp
49,0,0.975,50.39915178449624,2024-03-02,2024-02-24,quantile,wk inc flu hosp
50,0,0.975,46.019856184617936,2024-03-02,2024-02-24,quantile,wk inc flu hosp
51,0,0.975,371.66063453790895,2024-03-02,2024-02-24,quantile,wk inc flu hosp
53,0,0.975,148.5512179160793,2024-03-02,2024-02-24,quantile,wk inc flu hosp
54,0,0.975,352.1215349552279,2024-03-02,2024-02-24,quantile,wk inc flu hosp
55,0,0.975,321.30687427987857,2024-03-02,2024-02-24,quantile,wk inc flu hosp
56,0,0.975,124.47453585500784,2024-03-02,2024-02-24,quantile,wk inc flu hosp
72,0,0.975,111.01515387982646,2024-03-02,2024-02-24,quantile,wk inc flu hosp
US,0,0.975,14242.012865237219,2024-03-02,2024-02-24,quantile,wk inc flu hosp
01,0,0.99,275.9980371324531,2024-03-02,2024-02-24,quantile,wk inc flu hosp
02,0,0.99,17.2177829405658,2024-03-02,2024-02-24,quantile,wk inc flu hosp
04,0,0.99,350.5604018871301,2024-03-02,2024-02-24,quantile,wk inc flu hosp
05,0,0.99,357.1956620184334,2024-03-02,2024-02-24,quantile,wk inc flu hosp
06,0,0.99,642.9427395352637,2024-03-02,2024-02-24,quantile,wk inc flu hosp
08,0,0.99,220.0991531643463,2024-03-02,2024-02-24,quantile,wk inc flu hosp
09,0,0.99,243.32208278595857,2024-03-02,2024-02-24,quantile,wk inc flu hosp
10,0,0.99,112.42686568746558,2024-03-02,2024-02-24,quantile,wk inc flu hosp
11,0,0.99,56.105621461453794,2024-03-02,2024-02-24,quantile,wk inc flu hosp
12,0,0.99,962.7479176482424,2024-03-02,2024-02-24,quantile,wk inc flu hosp
13,0,0.99,313.14707304376765,2024-03-02,2024-02-24,quantile,wk inc flu hosp
15,0,0.99,45.22217037721631,2024-03-02,2024-02-24,quantile,wk inc flu hosp
16,0,0.99,149.33280255929628,2024-03-02,2024-02-24,quantile,wk inc flu hosp
17,0,0.99,486.2225146472944,2024-03-02,2024-02-24,quantile,wk inc flu hosp
18,0,0.99,544.8271121749999,2024-03-02,2024-02-24,quantile,wk inc flu hosp
19,0,0.99,262.74902890442655,2024-03-02,2024-02-24,quantile,wk inc flu hosp
20,0,0.99,331.83395942832516,2024-03-02,2024-02-24,quantile,wk inc flu hosp
21,0,0.99,567.9810695061036,2024-03-02,2024-02-24,quantile,wk inc flu hosp
22,0,0.99,165.4968088006218,2024-03-02,2024-02-24,quantile,wk inc flu hosp
23,0,0.99,205.34838816133018,2024-03-02,2024-02-24,quantile,wk inc flu hosp
24,0,0.99,211.53105802104594,2024-03-02,2024-02-24,quantile,wk inc flu hosp
25,0,0.99,861.2732197369303,2024-03-02,2024-02-24,quantile,wk inc flu hosp
26,0,0.99,1389.174151938654,2024-03-02,2024-02-24,quantile,wk inc flu hosp
27,0,0.99,293.2823281997944,2024-03-02,2024-02-24,quantile,wk inc flu hosp
28,0,0.99,171.64282074757685,2024-03-02,2024-02-24,quantile,wk inc flu hosp
29,0,0.99,584.5639696506108,2024-03-02,2024-02-24,quantile,wk inc flu hosp
30,0,0.99,33.74920345844193,2024-03-02,2024-02-24,quantile,wk inc flu hosp
31,0,0.99,133.01480907752685,2024-03-02,2024-02-24,quantile,wk inc flu hosp
32,0,0.99,119.71756721763717,2024-03-02,2024-02-24,quantile,wk inc flu hosp
33,0,0.99,101.21687593900478,2024-03-02,2024-02-24,quantile,wk inc flu hosp
34,0,0.99,681.5163803521959,2024-03-02,2024-02-24,quantile,wk inc flu hosp
35,0,0.99,171.3022555396667,2024-03-02,2024-02-24,quantile,wk inc flu hosp
36,0,0.99,1100.6940351733253,2024-03-02,2024-02-24,quantile,wk inc flu hosp
37,0,0.99,379.6457861989728,2024-03-02,2024-02-24,quantile,wk inc flu hosp
38,0,0.99,78.6049034797976,2024-03-02,2024-02-24,quantile,wk inc flu hosp
39,0,0.99,834.5005543397623,2024-03-02,2024-02-24,quantile,wk inc flu hosp
40,0,0.99,623.5592199811754,2024-03-02,2024-02-24,quantile,wk inc flu hosp
41,0,0.99,140.69774289643226,2024-03-02,2024-02-24,quantile,wk inc flu hosp
42,0,0.99,910.4437628759127,2024-03-02,2024-02-24,quantile,wk inc flu hosp
44,0,0.99,84.80999639086812,2024-03-02,2024-02-24,quantile,wk inc flu hosp
45,0,0.99,278.2380986653495,2024-03-02,2024-02-24,quantile,wk inc flu hosp
46,0,0.99,103.53648252480598,2024-03-02,2024-02-24,quantile,wk inc flu hosp
47,0,0.99,335.61823768585475,2024-03-02,2024-02-24,quantile,wk inc flu hosp
48,0,0.99,1095.9223279971125,2024-03-02,2024-02-24,quantile,wk inc flu hosp
49,0,0.99,58.58810386784892,2024-03-02,2024-02-24,quantile,wk inc flu hosp
50,0,0.99,55.430142879303936,2024-03-02,2024-02-24,quantile,wk inc flu hosp
51,0,0.99,425.85144988628457,2024-03-02,2024-02-24,quantile,wk inc flu hosp
53,0,0.99,168.31663667756848,2024-03-02,2024-02-24,quantile,wk inc flu hosp
54,0,0.99,400.6225478549857,2024-03-02,2024-02-24,quantile,wk inc flu hosp
55,0,0.99,358.4370559849518,2024-03-02,2024-02-24,quantile,wk inc flu hosp
56,0,0.99,153.21713937505442,2024-03-02,2024-02-24,quantile,wk inc flu hosp
72,0,0.99,127.77644512111611,2024-03-02,2024-02-24,quantile,wk inc flu hosp
US,0,0.99,15004.906089712094,2024-03-02,2024-02-24,quantile,wk inc flu hosp
01,1,0.01,16.31904407921502,2024-03-09,2024-02-24,quantile,wk inc flu hosp
02,1,0.01,0.0,2024-03-09,2024-02-24,quantile,wk inc flu hosp
04,1,0.01,0.0,2024-03-09,2024-02-24,quantile,wk inc flu hosp
05,1,0.01,46.61821505879395,2024-03-09,2024-02-24,quantile,wk inc flu hosp
06,1,0.01,0.0,2024-03-09,2024-02-24,quantile,wk inc flu hosp
08,1,0.01,13.792698926943427,2024-03-09,2024-02-24,quantile,wk inc flu hosp
09,1,0.01,11.111329403863023,2024-03-09,2024-02-24,quantile,wk inc flu hosp
10,1,0.01,0.4579476491803867,2024-03-09,2024-02-24,quantile,wk inc flu hosp
11,1,0.01,0.0,2024-03-09,2024-02-24,quantile,wk inc flu hosp
12,1,0.01,184.58074156592824,2024-03-09,2024-02-24,quantile,wk inc flu hosp
13,1,0.01,17.111678290433524,2024-03-09,2024-02-24,quantile,wk inc flu hosp
15,1,0.01,0.0,2024-03-09,2024-02-24,quantile,wk inc flu hosp
16,1,0.01,0.7429248956220559,2024-03-09,2024-02-24,quantile,wk inc flu hosp
17,1,0.01,54.04514640342545,2024-03-09,2024-02-24,quantile,wk inc flu hosp
18,1,0.01,97.10692945851986,2024-03-09,2024-02-24,quantile,wk inc flu hosp
19,1,0.01,18.869847353222884,2024-03-09,2024-02-24,quantile,wk inc flu hosp
20,1,0.01,42.22774307389677,2024-03-09,2024-02-24,quantile,wk inc flu hosp
21,1,0.01,51.69486197755176,2024-03-09,2024-02-24,quantile,wk inc flu hosp
22,1,0.01,0.0,2024-03-09,2024-02-24,quantile,wk inc flu hosp
23,1,0.01,13.198127423900498,2024-03-09,2024-02-24,quantile,wk inc flu hosp
24,1,0.01,14.821602038064071,2024-03-09,2024-02-24,quantile,wk inc flu hosp
25,1,0.01,173.2725579395922,2024-03-09,2024-02-24,quantile,wk inc flu hosp
26,1,0.01,283.36357092184005,2024-03-09,2024-02-24,quantile,wk inc flu hosp
27,1,0.01,51.01388567427161,2024-03-09,2024-02-24,quantile,wk inc flu hosp
28,1,0.01,2.0080601014905737,2024-03-09,2024-02-24,quantile,wk inc flu hosp
29,1,0.01,67.93488837803919,2024-03-09,2024-02-24,quantile,wk inc flu hosp
30,1,0.01,0.0,2024-03-09,2024-02-24,quantile,wk inc flu hosp
31,1,0.01,5.788257496139267,2024-03-09,2024-02-24,quantile,wk inc flu hosp
32,1,0.01,0.0,2024-03-09,2024-02-24,quantile,wk inc flu hosp
33,1,0.01,3.168277929841612,2024-03-09,2024-02-24,quantile,wk inc flu hosp
34,1,0.01,76.17588443920481,2024-03-09,2024-02-24,quantile,wk inc flu hosp
35,1,0.01,5.192198305183303,2024-03-09,2024-02-24,quantile,wk inc flu hosp
36,1,0.01,230.54754362785653,2024-03-09,2024-02-24,quantile,wk inc flu hosp
37,1,0.01,18.41341622996373,2024-03-09,2024-02-24,quantile,wk inc flu hosp
38,1,0.01,0.0,2024-03-09,2024-02-24,quantile,wk inc flu hosp
39,1,0.01,152.59709645868585,2024-03-09,2024-02-24,quantile,wk inc flu hosp
40,1,0.01,59.94369946941482,2024-03-09,2024-02-24,quantile,wk inc flu hosp
41,1,0.01,0.0,2024-03-09,2024-02-24,quantile,wk inc flu hosp
42,1,0.01,163.3562606096752,2024-03-09,2024-02-24,quantile,wk inc flu hosp
44,1,0.01,0.0,2024-03-09,2024-02-24,quantile,wk inc flu hosp
45,1,0.01,18.143509794204903,2024-03-09,2024-02-24,quantile,wk inc flu hosp
46,1,0.01,0.0,2024-03-09,2024-02-24,quantile,wk inc flu hosp
47,1,0.01,26.608473051192885,2024-03-09,2024-02-24,quantile,wk inc flu hosp
48,1,0.01,213.51665375513397,2024-03-09,2024-02-24,quantile,wk inc flu hosp
49,1,0.01,0.0,2024-03-09,2024-02-24,quantile,wk inc flu hosp
50,1,0.01,0.0,2024-03-09,2024-02-24,quantile,wk inc flu hosp
51,1,0.01,29.201588832398826,2024-03-09,2024-02-24,quantile,wk inc flu hosp
53,1,0.01,0.0,2024-03-09,2024-02-24,quantile,wk inc flu hosp
54,1,0.01,34.22746393954444,2024-03-09,2024-02-24,quantile,wk inc flu hosp
55,1,0.01,50.53030218589984,2024-03-09,2024-02-24,quantile,wk inc flu hosp
56,1,0.01,1.9817285978364259,2024-03-09,2024-02-24,quantile,wk inc flu hosp
72,1,0.01,3.159864232535513,2024-03-09,2024-02-24,quantile,wk inc flu hosp
US,1,0.01,3675.4101811976097,2024-03-09,2024-02-24,quantile,wk inc flu hosp
01,1,0.025,25.60036183209454,2024-03-09,2024-02-24,quantile,wk inc flu hosp
02,1,0.025,0.0,2024-03-09,2024-02-24,quantile,wk inc flu hosp
04,1,0.025,0.8722495659079676,2024-03-09,2024-02-24,quantile,wk inc flu hosp
05,1,0.025,57.55475782233403,2024-03-09,2024-02-24,quantile,wk inc flu hosp
06,1,0.025,6.021190067953036,2024-03-09,2024-02-24,quantile,wk inc flu hosp
08,1,0.025,20.98455141008025,2024-03-09,2024-02-24,quantile,wk inc flu hosp
09,1,0.025,16.062124602844477,2024-03-09,2024-02-24,quantile,wk inc flu hosp
10,1,0.025,2.103177657994799,2024-03-09,2024-02-24,quantile,wk inc flu hosp
11,1,0.025,1.1933063459055642,2024-03-09,2024-02-24,quantile,wk inc flu hosp
12,1,0.025,225.51640821663622,2024-03-09,2024-02-24,quantile,wk inc flu hosp
13,1,0.025,27.372988227183285,2024-03-09,2024-02-24,quantile,wk inc flu hosp
15,1,0.025,0.0,2024-03-09,2024-02-24,quantile,wk inc flu hosp
16,1,0.025,4.4002896213317655,2024-03-09,2024-02-24,quantile,wk inc flu hosp
17,1,0.025,65.3149322415987,2024-03-09,2024-02-24,quantile,wk inc flu hosp
18,1,0.025,117.14511841305712,2024-03-09,2024-02-24,quantile,wk inc flu hosp
19,1,0.025,26.49844476230728,2024-03-09,2024-02-24,quantile,wk inc flu hosp
20,1,0.025,56.07287785637241,2024-03-09,2024-02-24,quantile,wk inc flu hosp
21,1,0.025,68.1019535797749,2024-03-09,2024-02-24,quantile,wk inc flu hosp
22,1,0.025,5.900336709060016,2024-03-09,2024-02-24,quantile,wk inc flu hosp
23,1,0.025,21.32285828967664,2024-03-09,2024-02-24,quantile,wk inc flu hosp
24,1,0.025,24.59950919447976,2024-03-09,2024-02-24,quantile,wk inc flu hosp
25,1,0.025,202.96310288061503,2024-03-09,2024-02-24,quantile,wk inc flu hosp
26,1,0.025,323.5056026706866,2024-03-09,2024-02-24,quantile,wk inc flu hosp
27,1,0.025,60.65452882633678,2024-03-09,2024-02-24,quantile,wk inc flu hosp
28,1,0.025,5.884265467003549,2024-03-09,2024-02-24,quantile,wk inc flu hosp
29,1,0.025,104.36445690572359,2024-03-09,2024-02-24,quantile,wk inc flu hosp
30,1,0.025,0.0,2024-03-09,2024-02-24,quantile,wk inc flu hosp
31,1,0.025,9.94564833872035,2024-03-09,2024-02-24,quantile,wk inc flu hosp
32,1,0.025,3.452590246904269,2024-03-09,2024-02-24,quantile,wk inc flu hosp
33,1,0.025,6.00789706202235,2024-03-09,2024-02-24,quantile,wk inc flu hosp
34,1,0.025,104.62147363048143,2024-03-09,2024-02-24,quantile,wk inc flu hosp
35,1,0.025,9.326688535684811,2024-03-09,2024-02-24,quantile,wk inc flu hosp
36,1,0.025,271.57400395576167,2024-03-09,2024-02-24,quantile,wk inc flu hosp
37,1,0.025,27.94061814012532,2024-03-09,2024-02-24,quantile,wk inc flu hosp
38,1,0.025,0.0,2024-03-09,2024-02-24,quantile,wk inc flu hosp
39,1,0.025,187.0112675447246,2024-03-09,2024-02-24,quantile,wk inc flu hosp
40,1,0.025,82.6926498719035,2024-03-09,2024-02-24,quantile,wk inc flu hosp
41,1,0.025,2.1852224046605837,2024-03-09,2024-02-24,quantile,wk inc flu hosp
42,1,0.025,206.65343540581986,2024-03-09,2024-02-24,quantile,wk inc flu hosp
44,1,0.025,1.456228325129204,2024-03-09,2024-02-24,quantile,wk inc flu hosp
45,1,0.025,28.041766353548564,2024-03-09,2024-02-24,quantile,wk inc flu hosp
46,1,0.025,2.036828649455012,2024-03-09,2024-02-24,quantile,wk inc flu hosp
47,1,0.025,33.96241854436764,2024-03-09,2024-02-24,quantile,wk inc flu hosp
48,1,0.025,261.47755103154844,2024-03-09,2024-02-24,quantile,wk inc flu hosp
49,1,0.025,0.0,2024-03-09,2024-02-24,quantile,wk inc flu hosp
50,1,0.025,0.43663411877258856,2024-03-09,2024-02-24,quantile,wk inc flu hosp
51,1,0.025,43.449354207738786,2024-03-09,2024-02-24,quantile,wk inc flu hosp
53,1,0.025,0.0,2024-03-09,2024-02-24,quantile,wk inc flu hosp
54,1,0.025,43.78614903100381,2024-03-09,2024-02-24,quantile,wk inc flu hosp
55,1,0.025,62.451029350071195,2024-03-09,2024-02-24,quantile,wk inc flu hosp
56,1,0.025,5.028559597561807,2024-03-09,2024-02-24,quantile,wk inc flu hosp
72,1,0.025,8.922574315682308,2024-03-09,2024-02-24,quantile,wk inc flu hosp
US,1,0.025,4346.248125338304,2024-03-09,2024-02-24,quantile,wk inc flu hosp
01,1,0.05,34.20576098483397,2024-03-09,2024-02-24,quantile,wk inc flu hosp
02,1,0.05,0.0,2024-03-09,2024-02-24,quantile,wk inc flu hosp
04,1,0.05,9.45252881836508,2024-03-09,2024-02-24,quantile,wk inc flu hosp
05,1,0.05,68.76486072472181,2024-03-09,2024-02-24,quantile,wk inc flu hosp
06,1,0.05,26.967182912802706,2024-03-09,2024-02-24,quantile,wk inc flu hosp
08,1,0.05,26.20218212443276,2024-03-09,2024-02-24,quantile,wk inc flu hosp
09,1,0.05,23.496760462995148,2024-03-09,2024-02-24,quantile,wk inc flu hosp
10,1,0.05,4.8087654348638535,2024-03-09,2024-02-24,quantile,wk inc flu hosp
11,1,0.05,2.2271430417674662,2024-03-09,2024-02-24,quantile,wk inc flu hosp
12,1,0.05,253.1002377649503,2024-03-09,2024-02-24,quantile,wk inc flu hosp
13,1,0.05,39.845367453812415,2024-03-09,2024-02-24,quantile,wk inc flu hosp
15,1,0.05,0.0,2024-03-09,2024-02-24,quantile,wk inc flu hosp
16,1,0.05,7.547128075790227,2024-03-09,2024-02-24,quantile,wk inc flu hosp
17,1,0.05,89.62742378192844,2024-03-09,2024-02-24,quantile,wk inc flu hosp
18,1,0.05,127.94307904807529,2024-03-09,2024-02-24,quantile,wk inc flu hosp
19,1,0.05,36.52378645668229,2024-03-09,2024-02-24,quantile,wk inc flu hosp
20,1,0.05,67.12616845916378,2024-03-09,2024-02-24,quantile,wk inc flu hosp
21,1,0.05,89.57547746371874,2024-03-09,2024-02-24,quantile,wk inc flu hosp
22,1,0.05,10.579905753133978,2024-03-09,2024-02-24,quantile,wk inc flu hosp
23,1,0.05,27.157670551613382,2024-03-09,2024-02-24,quantile,wk inc flu hosp
24,1,0.05,32.70768467059307,2024-03-09,2024-02-24,quantile,wk inc flu hosp
25,1,0.05,234.15754706557172,2024-03-09,2024-02-24,quantile,wk inc flu hosp
26,1,0.05,367.11096651662973,2024-03-09,2024-02-24,quantile,wk inc flu hosp
27,1,0.05,71.37907522414135,2024-03-09,2024-02-24,quantile,wk inc flu hosp
28,1,0.05,10.581556885153057,2024-03-09,2024-02-24,quantile,wk inc flu hosp
29,1,0.05,121.00291903522631,2024-03-09,2024-02-24,quantile,wk inc flu hosp
30,1,0.05,0.0,2024-03-09,2024-02-24,quantile,wk inc flu hosp
31,1,0.05,14.158327450030734,2024-03-09,2024-02-24,quantile,wk inc flu hosp
32,1,0.05,8.066385940161622,2024-03-09,2024-02-24,quantile,wk inc flu hosp
33,1,0.05,7.800949462349228,2024-03-09,2024-02-24,quantile,wk inc flu hosp
34,1,0.05,129.37303142290534,2024-03-09,2024-02-24,quantile,wk inc flu hosp
35,1,0.05,15.16935218247393,2024-03-09,2024-02-24,quantile,wk inc flu hosp
36,1,0.05,327.392288478767,2024-03-09,2024-02-24,quantile,wk inc flu hosp
37,1,0.05,39.79663449699985,2024-03-09,2024-02-24,quantile,wk inc flu hosp
38,1,0.05,1.4974833949622839,2024-03-09,2024-02-24,quantile,wk inc flu hosp
39,1,0.05,215.34253103372157,2024-03-09,2024-02-24,quantile,wk inc flu hosp
40,1,0.05,98.89930475217507,2024-03-09,2024-02-24,quantile,wk inc flu hosp
41,1,0.05,6.736977042246577,2024-03-09,2024-02-24,quantile,wk inc flu hosp
42,1,0.05,230.21216067579635,2024-03-09,2024-02-24,quantile,wk inc flu hosp
44,1,0.05,3.517311970291141,2024-03-09,2024-02-24,quantile,wk inc flu hosp
45,1,0.05,36.51517255977902,2024-03-09,2024-02-24,quantile,wk inc flu hosp
46,1,0.05,3.464691871629517,2024-03-09,2024-02-24,quantile,wk inc flu hosp
47,1,0.05,47.0670034047265,2024-03-09,2024-02-24,quantile,wk inc flu hosp
48,1,0.05,300.73494123556986,2024-03-09,2024-02-24,quantile,wk inc flu hosp
49,1,0.05,0.0,2024-03-09,2024-02-24,quantile,wk inc flu hosp
50,1,0.05,1.4370474838720788,2024-03-09,2024-02-24,quantile,wk inc flu hosp
51,1,0.05,63.23671462231005,2024-03-09,2024-02-24,quantile,wk inc flu hosp
53,1,0.05,3.002383003691365,2024-03-09,2024-02-24,quantile,wk inc flu hosp
54,1,0.05,57.27237609174026,2024-03-09,2024-02-24,quantile,wk inc flu hosp
55,1,0.05,77.33946107798756,2024-03-09,2024-02-24,quantile,wk inc flu hosp
56,1,0.05,6.897353080725039,2024-03-09,2024-02-24,quantile,wk inc flu hosp
72,1,0.05,14.081433836056378,2024-03-09,2024-02-24,quantile,wk inc flu hosp
US,1,0.05,4779.854054055825,2024-03-09,2024-02-24,quantile,wk inc flu hosp
01,1,0.1,48.19565482399712,2024-03-09,2024-02-24,quantile,wk inc flu hosp
02,1,0.1,0.0,2024-03-09,2024-02-24,quantile,wk inc flu hosp
04,1,0.1,20.399304944968623,2024-03-09,2024-02-24,quantile,wk inc flu hosp
05,1,0.1,85.45397678564754,2024-03-09,2024-02-24,quantile,wk inc flu hosp
06,1,0.1,62.000549827151445,2024-03-09,2024-02-24,quantile,wk inc flu hosp
08,1,0.1,36.30598951382177,2024-03-09,2024-02-24,quantile,wk inc flu hosp
09,1,0.1,34.29048896121945,2024-03-09,2024-02-24,quantile,wk inc flu hosp
10,1,0.1,7.604480751067564,2024-03-09,2024-02-24,quantile,wk inc flu hosp
11,1,0.1,4.113867103707154,2024-03-09,2024-02-24,quantile,wk inc flu hosp
12,1,0.1,295.6463557536634,2024-03-09,2024-02-24,quantile,wk inc flu hosp
13,1,0.1,55.734785670956605,2024-03-09,2024-02-24,quantile,wk inc flu hosp
15,1,0.1,0.0,2024-03-09,2024-02-24,quantile,wk inc flu hosp
16,1,0.1,12.629200605529213,2024-03-09,2024-02-24,quantile,wk inc flu hosp
17,1,0.1,113.53106771395322,2024-03-09,2024-02-24,quantile,wk inc flu hosp
18,1,0.1,157.7136190618718,2024-03-09,2024-02-24,quantile,wk inc flu hosp
19,1,0.1,46.540834438309176,2024-03-09,2024-02-24,quantile,wk inc flu hosp
20,1,0.1,82.11286528041035,2024-03-09,2024-02-24,quantile,wk inc flu hosp
21,1,0.1,112.84051217486885,2024-03-09,2024-02-24,quantile,wk inc flu hosp
22,1,0.1,18.117267114755563,2024-03-09,2024-02-24,quantile,wk inc flu hosp
23,1,0.1,35.02033560942189,2024-03-09,2024-02-24,quantile,wk inc flu hosp
24,1,0.1,44.22054358553324,2024-03-09,2024-02-24,quantile,wk inc flu hosp
25,1,0.1,271.3251814101584,2024-03-09,2024-02-24,quantile,wk inc flu hosp
26,1,0.1,428.1815360354782,2024-03-09,2024-02-24,quantile,wk inc flu hosp
27,1,0.1,86.57219652784732,2024-03-09,2024-02-24,quantile,wk inc flu hosp
28,1,0.1,18.198656968113106,2024-03-09,2024-02-24,quantile,wk inc flu hosp
29,1,0.1,153.500335605779,2024-03-09,2024-02-24,quantile,wk inc flu hosp
30,1,0.1,0.0,2024-03-09,2024-02-24,quantile,wk inc flu hosp
31,1,0.1,19.564533271154332,2024-03-09,2024-02-24,quantile,wk inc flu hosp
32,1,0.1,13.895945258514494,2024-03-09,2024-02-24,quantile,wk inc flu hosp
33,1,0.1,11.849171915087334,2024-03-09,2024-02-24,quantile,wk inc flu hosp
34,1,0.1,155.02053050209184,2024-03-09,2024-02-24,quantile,wk inc flu hosp
35,1,0.1,22.462358774603963,2024-03-09,2024-02-24,quantile,wk inc flu hosp
36,1,0.1,391.46267011896407,2024-03-09,2024-02-24,quantile,wk inc flu hosp
37,1,0.1,58.53738206116022,2024-03-09,2024-02-24,quantile,wk inc flu hosp
38,1,0.1,3.696697326774883,2024-03-09,2024-02-24,quantile,wk inc flu hosp
39,1,0.1,248.36300243848675,2024-03-09,2024-02-24,quantile,wk inc flu hosp
40,1,0.1,120.98928085011559,2024-03-09,2024-02-24,quantile,wk inc flu hosp
41,1,0.1,11.834795704310395,2024-03-09,2024-02-24,quantile,wk inc flu hosp
42,1,0.1,269.727369706832,2024-03-09,2024-02-24,quantile,wk inc flu hosp
44,1,0.1,6.032553335988938,2024-03-09,2024-02-24,quantile,wk inc flu hosp
45,1,0.1,47.531106614015,2024-03-09,2024-02-24,quantile,wk inc flu hosp
46,1,0.1,6.5718549954191365,2024-03-09,2024-02-24,quantile,wk inc flu hosp
47,1,0.1,61.272202849475256,2024-03-09,2024-02-24,quantile,wk inc flu hosp
48,1,0.1,351.5502952224681,2024-03-09,2024-02-24,quantile,wk inc flu hosp
49,1,0.1,0.23630030105499103,2024-03-09,2024-02-24,quantile,wk inc flu hosp
50,1,0.1,2.9423852663720944,2024-03-09,2024-02-24,quantile,wk inc flu hosp
51,1,0.1,79.12913455685002,2024-03-09,2024-02-24,quantile,wk inc flu hosp
53,1,0.1,11.039232684530988,2024-03-09,2024-02-24,quantile,wk inc flu hosp
54,1,0.1,74.28412574605896,2024-03-09,2024-02-24,quantile,wk inc flu hosp
55,1,0.1,93.12801261913171,2024-03-09,2024-02-24,quantile,wk inc flu hosp
56,1,0.1,11.232474936750501,2024-03-09,2024-02-24,quantile,wk inc flu hosp
72,1,0.1,20.71883132054811,2024-03-09,2024-02-24,quantile,wk inc flu hosp
US,1,0.1,5597.535499162954,2024-03-09,2024-02-24,quantile,wk inc flu hosp
01,1,0.15,58.09911337692124,2024-03-09,2024-02-24,quantile,wk inc flu hosp
02,1,0.15,0.0,2024-03-09,2024-02-24,quantile,wk inc flu hosp
04,1,0.15,30.9223809861283,2024-03-09,2024-02-24,quantile,wk inc flu hosp
05,1,0.15,96.72828627281001,2024-03-09,2024-02-24,quantile,wk inc flu hosp
06,1,0.15,82.47067137667307,2024-03-09,2024-02-24,quantile,wk inc flu hosp
08,1,0.15,43.519526426349636,2024-03-09,2024-02-24,quantile,wk inc flu hosp
09,1,0.15,42.71572922909409,2024-03-09,2024-02-24,quantile,wk inc flu hosp
10,1,0.15,11.32106491422588,2024-03-09,2024-02-24,quantile,wk inc flu hosp
11,1,0.15,5.582471549731963,2024-03-09,2024-02-24,quantile,wk inc flu hosp
12,1,0.15,327.6399776443987,2024-03-09,2024-02-24,quantile,wk inc flu hosp
13,1,0.15,68.8671542942742,2024-03-09,2024-02-24,quantile,wk inc flu hosp
15,1,0.15,0.0,2024-03-09,2024-02-24,quantile,wk inc flu hosp
16,1,0.15,16.61800224398068,2024-03-09,2024-02-24,quantile,wk inc flu hosp
17,1,0.15,132.5428300900026,2024-03-09,2024-02-24,quantile,wk inc flu hosp
18,1,0.15,173.66886004355382,2024-03-09,2024-02-24,quantile,wk inc flu hosp
19,1,0.15,55.43096094859145,2024-03-09,2024-02-24,quantile,wk inc flu hosp
20,1,0.15,93.2169298910085,2024-03-09,2024-02-24,quantile,wk inc flu hosp
21,1,0.15,135.9939325483216,2024-03-09,2024-02-24,quantile,wk inc flu hosp
22,1,0.15,24.55720715072167,2024-03-09,2024-02-24,quantile,wk inc flu hosp
23,1,0.15,41.55225709298866,2024-03-09,2024-02-24,quantile,wk inc flu hosp
24,1,0.15,52.70956150501714,2024-03-09,2024-02-24,quantile,wk inc flu hosp
25,1,0.15,298.93350722024906,2024-03-09,2024-02-24,quantile,wk inc flu hosp
26,1,0.15,477.48502007552213,2024-03-09,2024-02-24,quantile,wk inc flu hosp
27,1,0.15,95.100363830225,2024-03-09,2024-02-24,quantile,wk inc flu hosp
28,1,0.15,23.567657126449255,2024-03-09,2024-02-24,quantile,wk inc flu hosp
29,1,0.15,174.01530382475397,2024-03-09,2024-02-24,quantile,wk inc flu hosp
30,1,0.15,0.0,2024-03-09,2024-02-24,quantile,wk inc flu hosp
31,1,0.15,24.018501777365678,2024-03-09,2024-02-24,quantile,wk inc flu hosp
32,1,0.15,18.674150565290613,2024-03-09,2024-02-24,quantile,wk inc flu hosp
33,1,0.15,15.161556764677824,2024-03-09,2024-02-24,quantile,wk inc flu hosp
34,1,0.15,180.86742842447848,2024-03-09,2024-02-24,quantile,wk inc flu hosp
35,1,0.15,27.156484625098212,2024-03-09,2024-02-24,quantile,wk inc flu hosp
36,1,0.15,427.99633381146833,2024-03-09,2024-02-24,quantile,wk inc flu hosp
37,1,0.15,72.78814111422548,2024-03-09,2024-02-24,quantile,wk inc flu hosp
38,1,0.15,5.627340640059259,2024-03-09,2024-02-24,quantile,wk inc flu hosp
39,1,0.15,275.06430899078066,2024-03-09,2024-02-24,quantile,wk inc flu hosp
40,1,0.15,141.00934680535215,2024-03-09,2024-02-24,quantile,wk inc flu hosp
41,1,0.15,16.58676297079107,2024-03-09,2024-02-24,quantile,wk inc flu hosp
42,1,0.15,303.9476250532242,2024-03-09,2024-02-24,quantile,wk inc flu hosp
44,1,0.15,8.843068214779436,2024-03-09,2024-02-24,quantile,wk inc flu hosp
45,1,0.15,56.858269887614746,2024-03-09,2024-02-24,quantile,wk inc flu hosp
46,1,0.15,8.981764878131626,2024-03-09,2024-02-24,quantile,wk inc flu hosp
47,1,0.15,70.967100278435,2024-03-09,2024-02-24,quantile,wk inc flu hosp
48,1,0.15,383.09261018250726,2024-03-09,2024-02-24,quantile,wk inc flu hosp
49,1,0.15,2.185224035491564,2024-03-09,2024-02-24,quantile,wk inc flu hosp
50,1,0.15,4.458813072761667,2024-03-09,2024-02-24,quantile,wk inc flu hosp
51,1,0.15,94.42522083286511,2024-03-09,2024-02-24,quantile,wk inc flu hosp
53,1,0.15,17.900364232325774,2024-03-09,2024-02-24,quantile,wk inc flu hosp
54,1,0.15,87.31073537240437,2024-03-09,2024-02-24,quantile,wk inc flu hosp
55,1,0.15,106.26924585773682,2024-03-09,2024-02-24,quantile,wk inc flu hosp
56,1,0.15,15.010084047598667,2024-03-09,2024-02-24,quantile,wk inc flu hosp
72,1,0.15,25.352559001200255,2024-03-09,2024-02-24,quantile,wk inc flu hosp
US,1,0.15,6135.4161381373015,2024-03-09,2024-02-24,quantile,wk inc flu hosp
01,1,0.2,68.29393438171005,2024-03-09,2024-02-24,quantile,wk inc flu hosp
02,1,0.2,0.0,2024-03-09,2024-02-24,quantile,wk inc flu hosp
04,1,0.2,40.967725708396614,2024-03-09,2024-02-24,quantile,wk inc flu hosp
05,1,0.2,107.92626301358912,2024-03-09,2024-02-24,quantile,wk inc flu hosp
06,1,0.2,106.47285479809906,2024-03-09,2024-02-24,quantile,wk inc flu hosp
08,1,0.2,51.00119297027796,2024-03-09,2024-02-24,quantile,wk inc flu hosp
09,1,0.2,50.19081204863894,2024-03-09,2024-02-24,quantile,wk inc flu hosp
10,1,0.2,13.561074896024666,2024-03-09,2024-02-24,quantile,wk inc flu hosp
11,1,0.2,7.28233983775664,2024-03-09,2024-02-24,quantile,wk inc flu hosp
12,1,0.2,360.06319381509365,2024-03-09,2024-02-24,quantile,wk inc flu hosp
13,1,0.2,76.70835242916408,2024-03-09,2024-02-24,quantile,wk inc flu hosp
15,1,0.2,0.0,2024-03-09,2024-02-24,quantile,wk inc flu hosp
16,1,0.2,20.906982128508595,2024-03-09,2024-02-24,quantile,wk inc flu hosp
17,1,0.2,146.889804289613,2024-03-09,2024-02-24,quantile,wk inc flu hosp
18,1,0.2,194.10653786413047,2024-03-09,2024-02-24,quantile,wk inc flu hosp
19,1,0.2,62.731519513821965,2024-03-09,2024-02-24,quantile,wk inc flu hosp
20,1,0.2,104.92627786415935,2024-03-09,2024-02-24,quantile,wk inc flu hosp
21,1,0.2,150.89062548814314,2024-03-09,2024-02-24,quantile,wk inc flu hosp
22,1,0.2,29.98805421947339,2024-03-09,2024-02-24,quantile,wk inc flu hosp
23,1,0.2,48.29612782786819,2024-03-09,2024-02-24,quantile,wk inc flu hosp
24,1,0.2,59.65606725559463,2024-03-09,2024-02-24,quantile,wk inc flu hosp
25,1,0.2,319.5822592032901,2024-03-09,2024-02-24,quantile,wk inc flu hosp
26,1,0.2,516.5098049551902,2024-03-09,2024-02-24,quantile,wk inc flu hosp
27,1,0.2,102.05988435621265,2024-03-09,2024-02-24,quantile,wk inc flu hosp
28,1,0.2,26.546641446515206,2024-03-09,2024-02-24,quantile,wk inc flu hosp
29,1,0.2,189.10687990128542,2024-03-09,2024-02-24,quantile,wk inc flu hosp
30,1,0.2,0.0,2024-03-09,2024-02-24,quantile,wk inc flu hosp
31,1,0.2,27.597136053643958,2024-03-09,2024-02-24,quantile,wk inc flu hosp
32,1,0.2,22.539809599659318,2024-03-09,2024-02-24,quantile,wk inc flu hosp
33,1,0.2,18.60560193105753,2024-03-09,2024-02-24,quantile,wk inc flu hosp
34,1,0.2,198.31972099574153,2024-03-09,2024-02-24,quantile,wk inc flu hosp
35,1,0.2,32.03869457438999,2024-03-09,2024-02-24,quantile,wk inc flu hosp
36,1,0.2,455.49879219865164,2024-03-09,2024-02-24,quantile,wk inc flu hosp
37,1,0.2,84.5284558005282,2024-03-09,2024-02-24,quantile,wk inc flu hosp
38,1,0.2,7.31376992567299,2024-03-09,2024-02-24,quantile,wk inc flu hosp
39,1,0.2,301.9638281954322,2024-03-09,2024-02-24,quantile,wk inc flu hosp
40,1,0.2,157.738671319459,2024-03-09,2024-02-24,quantile,wk inc flu hosp
41,1,0.2,20.90800665175722,2024-03-09,2024-02-24,quantile,wk inc flu hosp
42,1,0.2,340.8468200095062,2024-03-09,2024-02-24,quantile,wk inc flu hosp
44,1,0.2,11.479879045047712,2024-03-09,2024-02-24,quantile,wk inc flu hosp
45,1,0.2,65.81699068749299,2024-03-09,2024-02-24,quantile,wk inc flu hosp
46,1,0.2,11.249894381601564,2024-03-09,2024-02-24,quantile,wk inc flu hosp
47,1,0.2,84.50873001042649,2024-03-09,2024-02-24,quantile,wk inc flu hosp
48,1,0.2,414.9094511509478,2024-03-09,2024-02-24,quantile,wk inc flu hosp
49,1,0.2,3.7267467324202044,2024-03-09,2024-02-24,quantile,wk inc flu hosp
50,1,0.2,6.216245730232437,2024-03-09,2024-02-24,quantile,wk inc flu hosp
51,1,0.2,106.81396677978861,2024-03-09,2024-02-24,quantile,wk inc flu hosp
53,1,0.2,23.60971040043062,2024-03-09,2024-02-24,quantile,wk inc flu hosp
54,1,0.2,99.71764686540567,2024-03-09,2024-02-24,quantile,wk inc flu hosp
55,1,0.2,117.97681228227762,2024-03-09,2024-02-24,quantile,wk inc flu hosp
56,1,0.2,18.954792430349343,2024-03-09,2024-02-24,quantile,wk inc flu hosp
72,1,0.2,29.558095361231803,2024-03-09,2024-02-24,quantile,wk inc flu hosp
US,1,0.2,6628.639710344571,2024-03-09,2024-02-24,quantile,wk inc flu hosp
01,1,0.25,75.09798913236466,2024-03-09,2024-02-24,quantile,wk inc flu hosp
02,1,0.25,0.0,2024-03-09,2024-02-24,quantile,wk inc flu hosp
04,1,0.25,47.9332537987636,2024-03-09,2024-02-24,quantile,wk inc flu hosp
05,1,0.25,115.81037022540593,2024-03-09,2024-02-24,quantile,wk inc flu hosp
06,1,0.25,124.57924264481638,2024-03-09,2024-02-24,quantile,wk inc flu hosp
08,1,0.25,57.354893652811406,2024-03-09,2024-02-24,quantile,wk inc flu hosp
09,1,0.25,58.48820596869896,2024-03-09,2024-02-24,quantile,wk inc flu hosp
10,1,0.25,17.196393453174686,2024-03-09,2024-02-24,quantile,wk inc flu hosp
11,1,0.25,8.655008384352106,2024-03-09,2024-02-24,quantile,wk inc flu hosp
12,1,0.25,383.40174512452575,2024-03-09,2024-02-24,quantile,wk inc flu hosp
13,1,0.25,84.56506226477418,2024-03-09,2024-02-24,quantile,wk inc flu hosp
15,1,0.25,0.7740839460557462,2024-03-09,2024-02-24,quantile,wk inc flu hosp
16,1,0.25,24.532114185038694,2024-03-09,2024-02-24,quantile,wk inc flu hosp
17,1,0.25,161.94478399047327,2024-03-09,2024-02-24,quantile,wk inc flu hosp
18,1,0.25,208.95881986178628,2024-03-09,2024-02-24,quantile,wk inc flu hosp
19,1,0.25,70.16635521740079,2024-03-09,2024-02-24,quantile,wk inc flu hosp
20,1,0.25,112.74262729797469,2024-03-09,2024-02-24,quantile,wk inc flu hosp
21,1,0.25,166.6397382216484,2024-03-09,2024-02-24,quantile,wk inc flu hosp
22,1,0.25,37.32710908341311,2024-03-09,2024-02-24,quantile,wk inc flu hosp
23,1,0.25,53.79456674177261,2024-03-09,2024-02-24,quantile,wk inc flu hosp
24,1,0.25,66.96207783483227,2024-03-09,2024-02-24,quantile,wk inc flu hosp
25,1,0.25,340.93401828959225,2024-03-09,2024-02-24,quantile,wk inc flu hosp
26,1,0.25,554.8625310498082,2024-03-09,2024-02-24,quantile,wk inc flu hosp
27,1,0.25,109.46403500231108,2024-03-09,2024-02-24,quantile,wk inc flu hosp
28,1,0.25,30.726373039604514,2024-03-09,2024-02-24,quantile,wk inc flu hosp
29,1,0.25,202.40832441515994,2024-03-09,2024-02-24,quantile,wk inc flu hosp
30,1,0.25,0.0,2024-03-09,2024-02-24,quantile,wk inc flu hosp
31,1,0.25,30.604847046322377,2024-03-09,2024-02-24,quantile,wk inc flu hosp
32,1,0.25,26.593488030939934,2024-03-09,2024-02-24,quantile,wk inc flu hosp
33,1,0.25,21.93792541375158,2024-03-09,2024-02-24,quantile,wk inc flu hosp
34,1,0.25,209.9892930421983,2024-03-09,2024-02-24,quantile,wk inc flu hosp
35,1,0.25,36.58531351770194,2024-03-09,2024-02-24,quantile,wk inc flu hosp
36,1,0.25,481.0256711974671,2024-03-09,2024-02-24,quantile,wk inc flu hosp
37,1,0.25,94.31939052260546,2024-03-09,2024-02-24,quantile,wk inc flu hosp
38,1,0.25,9.233402909364953,2024-03-09,2024-02-24,quantile,wk inc flu hosp
39,1,0.25,321.51044863191896,2024-03-09,2024-02-24,quantile,wk inc flu hosp
40,1,0.25,175.43608167344632,2024-03-09,2024-02-24,quantile,wk inc flu hosp
41,1,0.25,24.6325353021633,2024-03-09,2024-02-24,quantile,wk inc flu hosp
42,1,0.25,369.2060411283044,2024-03-09,2024-02-24,quantile,wk inc flu hosp
44,1,0.25,13.414003361012007,2024-03-09,2024-02-24,quantile,wk inc flu hosp
45,1,0.25,71.86702622109513,2024-03-09,2024-02-24,quantile,wk inc flu hosp
46,1,0.25,13.246515200138427,2024-03-09,2024-02-24,quantile,wk inc flu hosp
47,1,0.25,92.34195496761248,2024-03-09,2024-02-24,quantile,wk inc flu hosp
48,1,0.25,440.87507356990733,2024-03-09,2024-02-24,quantile,wk inc flu hosp
49,1,0.25,5.317601944495899,2024-03-09,2024-02-24,quantile,wk inc flu hosp
50,1,0.25,7.39615632488693,2024-03-09,2024-02-24,quantile,wk inc flu hosp
51,1,0.25,116.72374648988648,2024-03-09,2024-02-24,quantile,wk inc flu hosp
53,1,0.25,28.51813294658827,2024-03-09,2024-02-24,quantile,wk inc flu hosp
54,1,0.25,107.91494691240668,2024-03-09,2024-02-24,quantile,wk inc flu hosp
55,1,0.25,133.2880224356068,2024-03-09,2024-02-24,quantile,wk inc flu hosp
56,1,0.25,22.605084575906396,2024-03-09,2024-02-24,quantile,wk inc flu hosp
72,1,0.25,34.05385746199979,2024-03-09,2024-02-24,quantile,wk inc flu hosp
US,1,0.25,6900.246516743565,2024-03-09,2024-02-24,quantile,wk inc flu hosp
01,1,0.3,82.70206167557568,2024-03-09,2024-02-24,quantile,wk inc flu hosp
02,1,0.3,0.0,2024-03-09,2024-02-24,quantile,wk inc flu hosp
04,1,0.3,54.04150406918586,2024-03-09,2024-02-24,quantile,wk inc flu hosp
05,1,0.3,123.69442233747547,2024-03-09,2024-02-24,quantile,wk inc flu hosp
06,1,0.3,142.55795580421136,2024-03-09,2024-02-24,quantile,wk inc flu hosp
08,1,0.3,62.079631933661624,2024-03-09,2024-02-24,quantile,wk inc flu hosp
09,1,0.3,63.921104962435734,2024-03-09,2024-02-24,quantile,wk inc flu hosp
10,1,0.3,20.681696133014228,2024-03-09,2024-02-24,quantile,wk inc flu hosp
11,1,0.3,10.485125246160177,2024-03-09,2024-02-24,quantile,wk inc flu hosp
12,1,0.3,403.6035502643659,2024-03-09,2024-02-24,quantile,wk inc flu hosp
13,1,0.3,93.8102259513493,2024-03-09,2024-02-24,quantile,wk inc flu hosp
15,1,0.3,1.596954516133754,2024-03-09,2024-02-24,quantile,wk inc flu hosp
16,1,0.3,29.007871325869132,2024-03-09,2024-02-24,quantile,wk inc flu hosp
17,1,0.3,175.34625020944742,2024-03-09,2024-02-24,quantile,wk inc flu hosp
18,1,0.3,224.54926268804502,2024-03-09,2024-02-24,quantile,wk inc flu hosp
19,1,0.3,78.16467734503325,2024-03-09,2024-02-24,quantile,wk inc flu hosp
20,1,0.3,120.06412800677514,2024-03-09,2024-02-24,quantile,wk inc flu hosp
21,1,0.3,182.50940396094512,2024-03-09,2024-02-24,quantile,wk inc flu hosp
22,1,0.3,41.242393448616234,2024-03-09,2024-02-24,quantile,wk inc flu hosp
23,1,0.3,58.955401652749714,2024-03-09,2024-02-24,quantile,wk inc flu hosp
24,1,0.3,73.2826177020458,2024-03-09,2024-02-24,quantile,wk inc flu hosp
25,1,0.3,365.26221765065515,2024-03-09,2024-02-24,quantile,wk inc flu hosp
26,1,0.3,592.1375646364723,2024-03-09,2024-02-24,quantile,wk inc flu hosp
27,1,0.3,116.09838716570297,2024-03-09,2024-02-24,quantile,wk inc flu hosp
28,1,0.3,34.94392517373859,2024-03-09,2024-02-24,quantile,wk inc flu hosp
29,1,0.3,217.4234784973823,2024-03-09,2024-02-24,quantile,wk inc flu hosp
30,1,0.3,0.25088879604623276,2024-03-09,2024-02-24,quantile,wk inc flu hosp
31,1,0.3,33.06651482079747,2024-03-09,2024-02-24,quantile,wk inc flu hosp
32,1,0.3,29.86186042104252,2024-03-09,2024-02-24,quantile,wk inc flu hosp
33,1,0.3,24.62553781036234,2024-03-09,2024-02-24,quantile,wk inc flu hosp
34,1,0.3,229.79748992221337,2024-03-09,2024-02-24,quantile,wk inc flu hosp
35,1,0.3,41.12419348354969,2024-03-09,2024-02-24,quantile,wk inc flu hosp
36,1,0.3,504.70140988384975,2024-03-09,2024-02-24,quantile,wk inc flu hosp
37,1,0.3,103.83783058252021,2024-03-09,2024-02-24,quantile,wk inc flu hosp
38,1,0.3,11.127334023609263,2024-03-09,2024-02-24,quantile,wk inc flu hosp
39,1,0.3,341.62065519841457,2024-03-09,2024-02-24,quantile,wk inc flu hosp
40,1,0.3,193.90539223410008,2024-03-09,2024-02-24,quantile,wk inc flu hosp
41,1,0.3,28.58514569409828,2024-03-09,2024-02-24,quantile,wk inc flu hosp
42,1,0.3,393.33519829845363,2024-03-09,2024-02-24,quantile,wk inc flu hosp
44,1,0.3,15.939476383190351,2024-03-09,2024-02-24,quantile,wk inc flu hosp
45,1,0.3,78.4067480295176,2024-03-09,2024-02-24,quantile,wk inc flu hosp
46,1,0.3,16.21178401076482,2024-03-09,2024-02-24,quantile,wk inc flu hosp
47,1,0.3,104.09787001157679,2024-03-09,2024-02-24,quantile,wk inc flu hosp
48,1,0.3,462.3443409984893,2024-03-09,2024-02-24,quantile,wk inc flu hosp
49,1,0.3,7.236293461244589,2024-03-09,2024-02-24,quantile,wk inc flu hosp
50,1,0.3,8.512564947783899,2024-03-09,2024-02-24,quantile,wk inc flu hosp
51,1,0.3,127.82720891537498,2024-03-09,2024-02-24,quantile,wk inc flu hosp
53,1,0.3,31.705367414375935,2024-03-09,2024-02-24,quantile,wk inc flu hosp
54,1,0.3,119.16793966165639,2024-03-09,2024-02-24,quantile,wk inc flu hosp
55,1,0.3,139.07392590680186,2024-03-09,2024-02-24,quantile,wk inc flu hosp
56,1,0.3,25.851027105316394,2024-03-09,2024-02-24,quantile,wk inc flu hosp
72,1,0.3,39.06494082705515,2024-03-09,2024-02-24,quantile,wk inc flu hosp
US,1,0.3,7268.31108276462,2024-03-09,2024-02-24,quantile,wk inc flu hosp
01,1,0.35,90.3192518301489,2024-03-09,2024-02-24,quantile,wk inc flu hosp
02,1,0.35,0.0,2024-03-09,2024-02-24,quantile,wk inc flu hosp
04,1,0.35,60.73183920488211,2024-03-09,2024-02-24,quantile,wk inc flu hosp
05,1,0.35,131.63067252923238,2024-03-09,2024-02-24,quantile,wk inc flu hosp
06,1,0.35,160.66817884755784,2024-03-09,2024-02-24,quantile,wk inc flu hosp
08,1,0.35,66.88195508763623,2024-03-09,2024-02-24,quantile,wk inc flu hosp
09,1,0.35,71.44740691273068,2024-03-09,2024-02-24,quantile,wk inc flu hosp
10,1,0.35,23.668519561093923,2024-03-09,2024-02-24,quantile,wk inc flu hosp
11,1,0.35,11.858781099768285,2024-03-09,2024-02-24,quantile,wk inc flu hosp
12,1,0.35,425.44512410309346,2024-03-09,2024-02-24,quantile,wk inc flu hosp
13,1,0.35,101.45245315375688,2024-03-09,2024-02-24,quantile,wk inc flu hosp
15,1,0.35,2.828768939817979,2024-03-09,2024-02-24,quantile,wk inc flu hosp
16,1,0.35,33.057194694667885,2024-03-09,2024-02-24,quantile,wk inc flu hosp
17,1,0.35,187.2678985108114,2024-03-09,2024-02-24,quantile,wk inc flu hosp
18,1,0.35,237.78756943775014,2024-03-09,2024-02-24,quantile,wk inc flu hosp
19,1,0.35,85.65772611993769,2024-03-09,2024-02-24,quantile,wk inc flu hosp
20,1,0.35,128.23387921589605,2024-03-09,2024-02-24,quantile,wk inc flu hosp
21,1,0.35,196.56423039914287,2024-03-09,2024-02-24,quantile,wk inc flu hosp
22,1,0.35,45.91318225374957,2024-03-09,2024-02-24,quantile,wk inc flu hosp
23,1,0.35,65.06000377682125,2024-03-09,2024-02-24,quantile,wk inc flu hosp
24,1,0.35,79.44375144962267,2024-03-09,2024-02-24,quantile,wk inc flu hosp
25,1,0.35,385.44716482646896,2024-03-09,2024-02-24,quantile,wk inc flu hosp
26,1,0.35,624.1823199520907,2024-03-09,2024-02-24,quantile,wk inc flu hosp
27,1,0.35,122.15319038182004,2024-03-09,2024-02-24,quantile,wk inc flu hosp
28,1,0.35,40.043661462969894,2024-03-09,2024-02-24,quantile,wk inc flu hosp
29,1,0.35,232.49570397980636,2024-03-09,2024-02-24,quantile,wk inc flu hosp
30,1,0.35,0.9577057879621771,2024-03-09,2024-02-24,quantile,wk inc flu hosp
31,1,0.35,36.7654613637893,2024-03-09,2024-02-24,quantile,wk inc flu hosp
32,1,0.35,33.733247528168036,2024-03-09,2024-02-24,quantile,wk inc flu hosp
33,1,0.35,26.82055831882343,2024-03-09,2024-02-24,quantile,wk inc flu hosp
34,1,0.35,250.20158095965192,2024-03-09,2024-02-24,quantile,wk inc flu hosp
35,1,0.35,45.09922401067054,2024-03-09,2024-02-24,quantile,wk inc flu hosp
36,1,0.35,529.2533576757481,2024-03-09,2024-02-24,quantile,wk inc flu hosp
37,1,0.35,115.98346296601655,2024-03-09,2024-02-24,quantile,wk inc flu hosp
38,1,0.35,13.027363868733598,2024-03-09,2024-02-24,quantile,wk inc flu hosp
39,1,0.35,358.15723499404055,2024-03-09,2024-02-24,quantile,wk inc flu hosp
40,1,0.35,204.80246855284668,2024-03-09,2024-02-24,quantile,wk inc flu hosp
41,1,0.35,32.84078337211764,2024-03-09,2024-02-24,quantile,wk inc flu hosp
42,1,0.35,425.9041627153951,2024-03-09,2024-02-24,quantile,wk inc flu hosp
44,1,0.35,17.971554745665205,2024-03-09,2024-02-24,quantile,wk inc flu hosp
45,1,0.35,84.79501140410393,2024-03-09,2024-02-24,quantile,wk inc flu hosp
46,1,0.35,18.586675395913623,2024-03-09,2024-02-24,quantile,wk inc flu hosp
47,1,0.35,113.26617745084701,2024-03-09,2024-02-24,quantile,wk inc flu hosp
48,1,0.35,479.9422674275356,2024-03-09,2024-02-24,quantile,wk inc flu hosp
49,1,0.35,9.19600585981377,2024-03-09,2024-02-24,quantile,wk inc flu hosp
50,1,0.35,10.052942043480508,2024-03-09,2024-02-24,quantile,wk inc flu hosp
51,1,0.35,139.73672465336625,2024-03-09,2024-02-24,quantile,wk inc flu hosp
53,1,0.35,36.66644754616167,2024-03-09,2024-02-24,quantile,wk inc flu hosp
54,1,0.35,128.79341975209545,2024-03-09,2024-02-24,quantile,wk inc flu hosp
55,1,0.35,147.41123156985378,2024-03-09,2024-02-24,quantile,wk inc flu hosp
56,1,0.35,30.01099505004346,2024-03-09,2024-02-24,quantile,wk inc flu hosp
72,1,0.35,42.984812733782825,2024-03-09,2024-02-24,quantile,wk inc flu hosp
US,1,0.35,7594.68524165908,2024-03-09,2024-02-24,quantile,wk inc flu hosp
01,1,0.4,97.96780868364414,2024-03-09,2024-02-24,quantile,wk inc flu hosp
02,1,0.4,0.0,2024-03-09,2024-02-24,quantile,wk inc flu hosp
04,1,0.4,66.5476586396254,2024-03-09,2024-02-24,quantile,wk inc flu hosp
05,1,0.4,139.03324307467167,2024-03-09,2024-02-24,quantile,wk inc flu hosp
06,1,0.4,175.63384432757502,2024-03-09,2024-02-24,quantile,wk inc flu hosp
08,1,0.4,72.73902865032584,2024-03-09,2024-02-24,quantile,wk inc flu hosp
09,1,0.4,78.18183876821315,2024-03-09,2024-02-24,quantile,wk inc flu hosp
10,1,0.4,26.50472768216874,2024-03-09,2024-02-24,quantile,wk inc flu hosp
11,1,0.4,13.57017711141597,2024-03-09,2024-02-24,quantile,wk inc flu hosp
12,1,0.4,448.11164054994657,2024-03-09,2024-02-24,quantile,wk inc flu hosp
13,1,0.4,111.41800334819177,2024-03-09,2024-02-24,quantile,wk inc flu hosp
15,1,0.4,3.9907481794537407,2024-03-09,2024-02-24,quantile,wk inc flu hosp
16,1,0.4,36.99749014257503,2024-03-09,2024-02-24,quantile,wk inc flu hosp
17,1,0.4,200.18911703685876,2024-03-09,2024-02-24,quantile,wk inc flu hosp
18,1,0.4,247.75716193138135,2024-03-09,2024-02-24,quantile,wk inc flu hosp
19,1,0.4,93.76847651482994,2024-03-09,2024-02-24,quantile,wk inc flu hosp
20,1,0.4,135.37501993923752,2024-03-09,2024-02-24,quantile,wk inc flu hosp
21,1,0.4,210.04073418406745,2024-03-09,2024-02-24,quantile,wk inc flu hosp
22,1,0.4,50.426229822217834,2024-03-09,2024-02-24,quantile,wk inc flu hosp
23,1,0.4,70.06109655714262,2024-03-09,2024-02-24,quantile,wk inc flu hosp
24,1,0.4,85.27267986864038,2024-03-09,2024-02-24,quantile,wk inc flu hosp
25,1,0.4,409.33274868858734,2024-03-09,2024-02-24,quantile,wk inc flu hosp
26,1,0.4,651.6969855989556,2024-03-09,2024-02-24,quantile,wk inc flu hosp
27,1,0.4,129.59081273492038,2024-03-09,2024-02-24,quantile,wk inc flu hosp
28,1,0.4,44.2477393975719,2024-03-09,2024-02-24,quantile,wk inc flu hosp
29,1,0.4,247.79310742084758,2024-03-09,2024-02-24,quantile,wk inc flu hosp
30,1,0.4,1.8449606665417295,2024-03-09,2024-02-24,quantile,wk inc flu hosp
31,1,0.4,40.24975795364926,2024-03-09,2024-02-24,quantile,wk inc flu hosp
32,1,0.4,36.649393614118004,2024-03-09,2024-02-24,quantile,wk inc flu hosp
33,1,0.4,29.916191101487392,2024-03-09,2024-02-24,quantile,wk inc flu hosp
34,1,0.4,267.7517551393592,2024-03-09,2024-02-24,quantile,wk inc flu hosp
35,1,0.4,49.049953932721095,2024-03-09,2024-02-24,quantile,wk inc flu hosp
36,1,0.4,553.3339758542786,2024-03-09,2024-02-24,quantile,wk inc flu hosp
37,1,0.4,122.6720085842467,2024-03-09,2024-02-24,quantile,wk inc flu hosp
38,1,0.4,14.671704281690905,2024-03-09,2024-02-24,quantile,wk inc flu hosp
39,1,0.4,380.29784604684016,2024-03-09,2024-02-24,quantile,wk inc flu hosp
40,1,0.4,219.58557366535845,2024-03-09,2024-02-24,quantile,wk inc flu hosp
41,1,0.4,36.21938892490881,2024-03-09,2024-02-24,quantile,wk inc flu hosp
42,1,0.4,447.6340167483916,2024-03-09,2024-02-24,quantile,wk inc flu hosp
44,1,0.4,20.725568126783145,2024-03-09,2024-02-24,quantile,wk inc flu hosp
45,1,0.4,92.08995146934036,2024-03-09,2024-02-24,quantile,wk inc flu hosp
46,1,0.4,21.073705698408993,2024-03-09,2024-02-24,quantile,wk inc flu hosp
47,1,0.4,122.36912028157862,2024-03-09,2024-02-24,quantile,wk inc flu hosp
48,1,0.4,503.1681073101683,2024-03-09,2024-02-24,quantile,wk inc flu hosp
49,1,0.4,11.396657273579407,2024-03-09,2024-02-24,quantile,wk inc flu hosp
50,1,0.4,11.571727625429572,2024-03-09,2024-02-24,quantile,wk inc flu hosp
51,1,0.4,149.35870324501053,2024-03-09,2024-02-24,quantile,wk inc flu hosp
53,1,0.4,42.02081739143246,2024-03-09,2024-02-24,quantile,wk inc flu hosp
54,1,0.4,136.38412935412154,2024-03-09,2024-02-24,quantile,wk inc flu hosp
55,1,0.4,156.63179875472989,2024-03-09,2024-02-24,quantile,wk inc flu hosp
56,1,0.4,33.87516161022904,2024-03-09,2024-02-24,quantile,wk inc flu hosp
72,1,0.4,46.46760762100479,2024-03-09,2024-02-24,quantile,wk inc flu hosp
US,1,0.4,7914.0421019758105,2024-03-09,2024-02-24,quantile,wk inc flu hosp
01,1,0.45,103.75713281195283,2024-03-09,2024-02-24,quantile,wk inc flu hosp
02,1,0.45,0.0,2024-03-09,2024-02-24,quantile,wk inc flu hosp
04,1,0.45,72.29392145282424,2024-03-09,2024-02-24,quantile,wk inc flu hosp
05,1,0.45,146.5906859883972,2024-03-09,2024-02-24,quantile,wk inc flu hosp
06,1,0.45,193.8419510625142,2024-03-09,2024-02-24,quantile,wk inc flu hosp
08,1,0.45,78.68361092336092,2024-03-09,2024-02-24,quantile,wk inc flu hosp
09,1,0.45,83.33582633833842,2024-03-09,2024-02-24,quantile,wk inc flu hosp
10,1,0.45,29.977112822000212,2024-03-09,2024-02-24,quantile,wk inc flu hosp
11,1,0.45,15.263066583047152,2024-03-09,2024-02-24,quantile,wk inc flu hosp
12,1,0.45,469.0076203261663,2024-03-09,2024-02-24,quantile,wk inc flu hosp
13,1,0.45,119.22041849039805,2024-03-09,2024-02-24,quantile,wk inc flu hosp
15,1,0.45,5.241932454197856,2024-03-09,2024-02-24,quantile,wk inc flu hosp
16,1,0.45,40.57408676067901,2024-03-09,2024-02-24,quantile,wk inc flu hosp
17,1,0.45,215.58445611064838,2024-03-09,2024-02-24,quantile,wk inc flu hosp
18,1,0.45,262.0515363164062,2024-03-09,2024-02-24,quantile,wk inc flu hosp
19,1,0.45,100.25190768091977,2024-03-09,2024-02-24,quantile,wk inc flu hosp
20,1,0.45,146.12572215570145,2024-03-09,2024-02-24,quantile,wk inc flu hosp
21,1,0.45,226.58513600617104,2024-03-09,2024-02-24,quantile,wk inc flu hosp
22,1,0.45,54.968240232932345,2024-03-09,2024-02-24,quantile,wk inc flu hosp
23,1,0.45,75.65607284887733,2024-03-09,2024-02-24,quantile,wk inc flu hosp
24,1,0.45,91.90929455313635,2024-03-09,2024-02-24,quantile,wk inc flu hosp
25,1,0.45,422.46182761189857,2024-03-09,2024-02-24,quantile,wk inc flu hosp
26,1,0.45,693.2958829680224,2024-03-09,2024-02-24,quantile,wk inc flu hosp
27,1,0.45,134.59675705254602,2024-03-09,2024-02-24,quantile,wk inc flu hosp
28,1,0.45,48.15047101342286,2024-03-09,2024-02-24,quantile,wk inc flu hosp
29,1,0.45,261.7067517566353,2024-03-09,2024-02-24,quantile,wk inc flu hosp
30,1,0.45,2.5818115906262036,2024-03-09,2024-02-24,quantile,wk inc flu hosp
31,1,0.45,44.99391895293097,2024-03-09,2024-02-24,quantile,wk inc flu hosp
32,1,0.45,40.499488829010154,2024-03-09,2024-02-24,quantile,wk inc flu hosp
33,1,0.45,33.04360412114934,2024-03-09,2024-02-24,quantile,wk inc flu hosp
34,1,0.45,287.4613788279396,2024-03-09,2024-02-24,quantile,wk inc flu hosp
35,1,0.45,53.14214189377021,2024-03-09,2024-02-24,quantile,wk inc flu hosp
36,1,0.45,578.3544516562381,2024-03-09,2024-02-24,quantile,wk inc flu hosp
37,1,0.45,133.81053076986416,2024-03-09,2024-02-24,quantile,wk inc flu hosp
38,1,0.45,16.84904033781871,2024-03-09,2024-02-24,quantile,wk inc flu hosp
39,1,0.45,398.22150837638986,2024-03-09,2024-02-24,quantile,wk inc flu hosp
40,1,0.45,233.00567885081585,2024-03-09,2024-02-24,quantile,wk inc flu hosp
41,1,0.45,40.70233035978185,2024-03-09,2024-02-24,quantile,wk inc flu hosp
42,1,0.45,470.8403483524357,2024-03-09,2024-02-24,quantile,wk inc flu hosp
44,1,0.45,23.188347540737343,2024-03-09,2024-02-24,quantile,wk inc flu hosp
45,1,0.45,99.72463135953831,2024-03-09,2024-02-24,quantile,wk inc flu hosp
46,1,0.45,23.86376347376296,2024-03-09,2024-02-24,quantile,wk inc flu hosp
47,1,0.45,132.94905344415406,2024-03-09,2024-02-24,quantile,wk inc flu hosp
48,1,0.45,524.784362503133,2024-03-09,2024-02-24,quantile,wk inc flu hosp
49,1,0.45,12.869182068925916,2024-03-09,2024-02-24,quantile,wk inc flu hosp
50,1,0.45,12.917204469402726,2024-03-09,2024-02-24,quantile,wk inc flu hosp
51,1,0.45,160.8396985690133,2024-03-09,2024-02-24,quantile,wk inc flu hosp
53,1,0.45,47.336091601294896,2024-03-09,2024-02-24,quantile,wk inc flu hosp
54,1,0.45,146.80937163195938,2024-03-09,2024-02-24,quantile,wk inc flu hosp
55,1,0.45,165.99143779821918,2024-03-09,2024-02-24,quantile,wk inc flu hosp
56,1,0.45,37.595226247016925,2024-03-09,2024-02-24,quantile,wk inc flu hosp
72,1,0.45,50.33728613755949,2024-03-09,2024-02-24,quantile,wk inc flu hosp
US,1,0.45,8257.76290520419,2024-03-09,2024-02-24,quantile,wk inc flu hosp
01,1,0.5,111.10579689249575,2024-03-09,2024-02-24,quantile,wk inc flu hosp
02,1,0.5,0.0845477919694755,2024-03-09,2024-02-24,quantile,wk inc flu hosp
04,1,0.5,80.38808517223399,2024-03-09,2024-02-24,quantile,wk inc flu hosp
05,1,0.5,153.02377506444844,2024-03-09,2024-02-24,quantile,wk inc flu hosp
06,1,0.5,212.48261408550593,2024-03-09,2024-02-24,quantile,wk inc flu hosp
08,1,0.5,84.12188085516078,2024-03-09,2024-02-24,quantile,wk inc flu hosp
09,1,0.5,89.45499813053063,2024-03-09,2024-02-24,quantile,wk inc flu hosp
10,1,0.5,32.87428921388365,2024-03-09,2024-02-24,quantile,wk inc flu hosp
11,1,0.5,17.51801712859844,2024-03-09,2024-02-24,quantile,wk inc flu hosp
12,1,0.5,491.9462002298115,2024-03-09,2024-02-24,quantile,wk inc flu hosp
13,1,0.5,131.0445552296884,2024-03-09,2024-02-24,quantile,wk inc flu hosp
15,1,0.5,6.375486592182552,2024-03-09,2024-02-24,quantile,wk inc flu hosp
16,1,0.5,44.14961060153674,2024-03-09,2024-02-24,quantile,wk inc flu hosp
17,1,0.5,225.38388258698083,2024-03-09,2024-02-24,quantile,wk inc flu hosp
18,1,0.5,277.2023296930079,2024-03-09,2024-02-24,quantile,wk inc flu hosp
19,1,0.5,105.34666295679294,2024-03-09,2024-02-24,quantile,wk inc flu hosp
20,1,0.5,156.33216878938478,2024-03-09,2024-02-24,quantile,wk inc flu hosp
21,1,0.5,241.86698421889614,2024-03-09,2024-02-24,quantile,wk inc flu hosp
22,1,0.5,59.23306495627994,2024-03-09,2024-02-24,quantile,wk inc flu hosp
23,1,0.5,81.1164871997782,2024-03-09,2024-02-24,quantile,wk inc flu hosp
24,1,0.5,98.40646999507057,2024-03-09,2024-02-24,quantile,wk inc flu hosp
25,1,0.5,442.86818068075246,2024-03-09,2024-02-24,quantile,wk inc flu hosp
26,1,0.5,726.5203214534122,2024-03-09,2024-02-24,quantile,wk inc flu hosp
27,1,0.5,142.273134827399,2024-03-09,2024-02-24,quantile,wk inc flu hosp
28,1,0.5,53.071364297014064,2024-03-09,2024-02-24,quantile,wk inc flu hosp
29,1,0.5,272.31624674011687,2024-03-09,2024-02-24,quantile,wk inc flu hosp
30,1,0.5,3.504307754369092,2024-03-09,2024-02-24,quantile,wk inc flu hosp
31,1,0.5,49.92272099057884,2024-03-09,2024-02-24,quantile,wk inc flu hosp
32,1,0.5,43.80002031806606,2024-03-09,2024-02-24,quantile,wk inc flu hosp
33,1,0.5,35.642084839159246,2024-03-09,2024-02-24,quantile,wk inc flu hosp
34,1,0.5,304.8127307667508,2024-03-09,2024-02-24,quantile,wk inc flu hosp
35,1,0.5,57.665138141490466,2024-03-09,2024-02-24,quantile,wk inc flu hosp
36,1,0.5,605.2522214876119,2024-03-09,2024-02-24,quantile,wk inc flu hosp
37,1,0.5,143.00669745844985,2024-03-09,2024-02-24,quantile,wk inc flu hosp
38,1,0.5,19.085721415067233,2024-03-09,2024-02-24,quantile,wk inc flu hosp
39,1,0.5,412.91470445851803,2024-03-09,2024-02-24,quantile,wk inc flu hosp
40,1,0.5,249.5403352612133,2024-03-09,2024-02-24,quantile,wk inc flu hosp
41,1,0.5,45.538824893960076,2024-03-09,2024-02-24,quantile,wk inc flu hosp
42,1,0.5,490.0960710046326,2024-03-09,2024-02-24,quantile,wk inc flu hosp
44,1,0.5,25.981734860514713,2024-03-09,2024-02-24,quantile,wk inc flu hosp
45,1,0.5,106.84497807605081,2024-03-09,2024-02-24,quantile,wk inc flu hosp
46,1,0.5,26.76109332722307,2024-03-09,2024-02-24,quantile,wk inc flu hosp
47,1,0.5,140.70654035531263,2024-03-09,2024-02-24,quantile,wk inc flu hosp
48,1,0.5,555.3861946312757,2024-03-09,2024-02-24,quantile,wk inc flu hosp
49,1,0.5,14.817975847990496,2024-03-09,2024-02-24,quantile,wk inc flu hosp
50,1,0.5,14.474022317151542,2024-03-09,2024-02-24,quantile,wk inc flu hosp
51,1,0.5,175.03576801082883,2024-03-09,2024-02-24,quantile,wk inc flu hosp
53,1,0.5,53.22015907087901,2024-03-09,2024-02-24,quantile,wk inc flu hosp
54,1,0.5,158.83314089634234,2024-03-09,2024-02-24,quantile,wk inc flu hosp
55,1,0.5,174.5563303507483,2024-03-09,2024-02-24,quantile,wk inc flu hosp
56,1,0.5,41.197407009288646,2024-03-09,2024-02-24,quantile,wk inc flu hosp
72,1,0.5,54.2189931835707,2024-03-09,2024-02-24,quantile,wk inc flu hosp
US,1,0.5,8537.663850164106,2024-03-09,2024-02-24,quantile,wk inc flu hosp
01,1,0.55,120.43751551946684,2024-03-09,2024-02-24,quantile,wk inc flu hosp
02,1,0.55,0.44881556722218147,2024-03-09,2024-02-24,quantile,wk inc flu hosp
04,1,0.55,89.59032989959609,2024-03-09,2024-02-24,quantile,wk inc flu hosp
05,1,0.55,161.29668712552913,2024-03-09,2024-02-24,quantile,wk inc flu hosp
06,1,0.55,229.14970952069774,2024-03-09,2024-02-24,quantile,wk inc flu hosp
08,1,0.55,90.21919390327832,2024-03-09,2024-02-24,quantile,wk inc flu hosp
09,1,0.55,96.20763500399636,2024-03-09,2024-02-24,quantile,wk inc flu hosp
10,1,0.55,36.21661815291867,2024-03-09,2024-02-24,quantile,wk inc flu hosp
11,1,0.55,19.252804407891958,2024-03-09,2024-02-24,quantile,wk inc flu hosp
12,1,0.55,519.8548892234685,2024-03-09,2024-02-24,quantile,wk inc flu hosp
13,1,0.55,141.01569998738728,2024-03-09,2024-02-24,quantile,wk inc flu hosp
15,1,0.55,8.000517122391456,2024-03-09,2024-02-24,quantile,wk inc flu hosp
16,1,0.55,49.048467694206515,2024-03-09,2024-02-24,quantile,wk inc flu hosp
17,1,0.55,239.7693285585364,2024-03-09,2024-02-24,quantile,wk inc flu hosp
18,1,0.55,292.48166727764266,2024-03-09,2024-02-24,quantile,wk inc flu hosp
19,1,0.55,113.15540942847001,2024-03-09,2024-02-24,quantile,wk inc flu hosp
20,1,0.55,165.15798305221008,2024-03-09,2024-02-24,quantile,wk inc flu hosp
21,1,0.55,255.99698580528838,2024-03-09,2024-02-24,quantile,wk inc flu hosp
22,1,0.55,65.103319794196,2024-03-09,2024-02-24,quantile,wk inc flu hosp
23,1,0.55,86.22956090778916,2024-03-09,2024-02-24,quantile,wk inc flu hosp
24,1,0.55,104.28633446541025,2024-03-09,2024-02-24,quantile,wk inc flu hosp
25,1,0.55,459.9523618289185,2024-03-09,2024-02-24,quantile,wk inc flu hosp
26,1,0.55,765.9138485870648,2024-03-09,2024-02-24,quantile,wk inc flu hosp
27,1,0.55,149.27176999759573,2024-03-09,2024-02-24,quantile,wk inc flu hosp
28,1,0.55,59.38948447516275,2024-03-09,2024-02-24,quantile,wk inc flu hosp
29,1,0.55,289.08460593719053,2024-03-09,2024-02-24,quantile,wk inc flu hosp
30,1,0.55,4.291263786056692,2024-03-09,2024-02-24,quantile,wk inc flu hosp
31,1,0.55,52.90299176055111,2024-03-09,2024-02-24,quantile,wk inc flu hosp
32,1,0.55,48.33874675019503,2024-03-09,2024-02-24,quantile,wk inc flu hosp
33,1,0.55,39.05315074813761,2024-03-09,2024-02-24,quantile,wk inc flu hosp
34,1,0.55,322.783112733003,2024-03-09,2024-02-24,quantile,wk inc flu hosp
35,1,0.55,63.24035236502798,2024-03-09,2024-02-24,quantile,wk inc flu hosp
36,1,0.55,632.2422152131164,2024-03-09,2024-02-24,quantile,wk inc flu hosp
37,1,0.55,154.9719899697049,2024-03-09,2024-02-24,quantile,wk inc flu hosp
38,1,0.55,21.389121792399326,2024-03-09,2024-02-24,quantile,wk inc flu hosp
39,1,0.55,432.8859720754629,2024-03-09,2024-02-24,quantile,wk inc flu hosp
40,1,0.55,263.8416278312875,2024-03-09,2024-02-24,quantile,wk inc flu hosp
41,1,0.55,50.17513341956826,2024-03-09,2024-02-24,quantile,wk inc flu hosp
42,1,0.55,514.7065195552608,2024-03-09,2024-02-24,quantile,wk inc flu hosp
44,1,0.55,28.83204529665721,2024-03-09,2024-02-24,quantile,wk inc flu hosp
45,1,0.55,113.80539972751029,2024-03-09,2024-02-24,quantile,wk inc flu hosp
46,1,0.55,29.70145311926439,2024-03-09,2024-02-24,quantile,wk inc flu hosp
47,1,0.55,149.25741278737775,2024-03-09,2024-02-24,quantile,wk inc flu hosp
48,1,0.55,581.3567684430358,2024-03-09,2024-02-24,quantile,wk inc flu hosp
49,1,0.55,16.858204720167617,2024-03-09,2024-02-24,quantile,wk inc flu hosp
50,1,0.55,16.07999922060514,2024-03-09,2024-02-24,quantile,wk inc flu hosp
51,1,0.55,185.3494223074919,2024-03-09,2024-02-24,quantile,wk inc flu hosp
53,1,0.55,57.84291572297697,2024-03-09,2024-02-24,quantile,wk inc flu hosp
54,1,0.55,169.7034148100723,2024-03-09,2024-02-24,quantile,wk inc flu hosp
55,1,0.55,181.8086939230571,2024-03-09,2024-02-24,quantile,wk inc flu hosp
56,1,0.55,45.14003239358299,2024-03-09,2024-02-24,quantile,wk inc flu hosp
72,1,0.55,58.746621677145,2024-03-09,2024-02-24,quantile,wk inc flu hosp
US,1,0.55,8924.373971430081,2024-03-09,2024-02-24,quantile,wk inc flu hosp
01,1,0.6,129.67356187175477,2024-03-09,2024-02-24,quantile,wk inc flu hosp
02,1,0.6,1.0505864901138233,2024-03-09,2024-02-24,quantile,wk inc flu hosp
04,1,0.6,99.31760055371004,2024-03-09,2024-02-24,quantile,wk inc flu hosp
05,1,0.6,171.31659722110967,2024-03-09,2024-02-24,quantile,wk inc flu hosp
06,1,0.6,253.77646945844987,2024-03-09,2024-02-24,quantile,wk inc flu hosp
08,1,0.6,97.55839186255382,2024-03-09,2024-02-24,quantile,wk inc flu hosp
09,1,0.6,104.42261324318127,2024-03-09,2024-02-24,quantile,wk inc flu hosp
10,1,0.6,40.258293295973495,2024-03-09,2024-02-24,quantile,wk inc flu hosp
11,1,0.6,21.365887630528253,2024-03-09,2024-02-24,quantile,wk inc flu hosp
12,1,0.6,543.4257378022544,2024-03-09,2024-02-24,quantile,wk inc flu hosp
13,1,0.6,151.02433283693404,2024-03-09,2024-02-24,quantile,wk inc flu hosp
15,1,0.6,10.291977831043939,2024-03-09,2024-02-24,quantile,wk inc flu hosp
16,1,0.6,54.8565107302503,2024-03-09,2024-02-24,quantile,wk inc flu hosp
17,1,0.6,254.86102424662624,2024-03-09,2024-02-24,quantile,wk inc flu hosp
18,1,0.6,306.46833653610946,2024-03-09,2024-02-24,quantile,wk inc flu hosp
19,1,0.6,121.03465941572955,2024-03-09,2024-02-24,quantile,wk inc flu hosp
20,1,0.6,174.99237503560704,2024-03-09,2024-02-24,quantile,wk inc flu hosp
21,1,0.6,269.03185890186415,2024-03-09,2024-02-24,quantile,wk inc flu hosp
22,1,0.6,70.54678152804607,2024-03-09,2024-02-24,quantile,wk inc flu hosp
23,1,0.6,91.78632732615495,2024-03-09,2024-02-24,quantile,wk inc flu hosp
24,1,0.6,110.75936143755605,2024-03-09,2024-02-24,quantile,wk inc flu hosp
25,1,0.6,478.62052819887936,2024-03-09,2024-02-24,quantile,wk inc flu hosp
26,1,0.6,794.9728282515184,2024-03-09,2024-02-24,quantile,wk inc flu hosp
27,1,0.6,157.75150756436605,2024-03-09,2024-02-24,quantile,wk inc flu hosp
28,1,0.6,63.661269202767826,2024-03-09,2024-02-24,quantile,wk inc flu hosp
29,1,0.6,300.93905226355224,2024-03-09,2024-02-24,quantile,wk inc flu hosp
30,1,0.6,5.290730042788292,2024-03-09,2024-02-24,quantile,wk inc flu hosp
31,1,0.6,56.93370332736223,2024-03-09,2024-02-24,quantile,wk inc flu hosp
32,1,0.6,52.306571743640426,2024-03-09,2024-02-24,quantile,wk inc flu hosp
33,1,0.6,42.48488581658856,2024-03-09,2024-02-24,quantile,wk inc flu hosp
34,1,0.6,343.64146349081636,2024-03-09,2024-02-24,quantile,wk inc flu hosp
35,1,0.6,69.19413810587443,2024-03-09,2024-02-24,quantile,wk inc flu hosp
36,1,0.6,664.1619181051943,2024-03-09,2024-02-24,quantile,wk inc flu hosp
37,1,0.6,167.52878415569953,2024-03-09,2024-02-24,quantile,wk inc flu hosp
38,1,0.6,24.065904088435897,2024-03-09,2024-02-24,quantile,wk inc flu hosp
39,1,0.6,451.8824008568432,2024-03-09,2024-02-24,quantile,wk inc flu hosp
40,1,0.6,281.01214421629095,2024-03-09,2024-02-24,quantile,wk inc flu hosp
41,1,0.6,55.47416498232765,2024-03-09,2024-02-24,quantile,wk inc flu hosp
42,1,0.6,540.4060232926599,2024-03-09,2024-02-24,quantile,wk inc flu hosp
44,1,0.6,31.663999432913727,2024-03-09,2024-02-24,quantile,wk inc flu hosp
45,1,0.6,122.7201474148941,2024-03-09,2024-02-24,quantile,wk inc flu hosp
46,1,0.6,32.727420953430354,2024-03-09,2024-02-24,quantile,wk inc flu hosp
47,1,0.6,161.62787412433804,2024-03-09,2024-02-24,quantile,wk inc flu hosp
48,1,0.6,611.4456154353021,2024-03-09,2024-02-24,quantile,wk inc flu hosp
49,1,0.6,19.20765811906531,2024-03-09,2024-02-24,quantile,wk inc flu hosp
50,1,0.6,17.867422691673863,2024-03-09,2024-02-24,quantile,wk inc flu hosp
51,1,0.6,201.4347650213014,2024-03-09,2024-02-24,quantile,wk inc flu hosp
53,1,0.6,64.06363323328368,2024-03-09,2024-02-24,quantile,wk inc flu hosp
54,1,0.6,179.58768357886822,2024-03-09,2024-02-24,quantile,wk inc flu hosp
55,1,0.6,191.50258385333416,2024-03-09,2024-02-24,quantile,wk inc flu hosp
56,1,0.6,50.30395625786261,2024-03-09,2024-02-24,quantile,wk inc flu hosp
72,1,0.6,62.85368523060829,2024-03-09,2024-02-24,quantile,wk inc flu hosp
US,1,0.6,9281.107739262783,2024-03-09,2024-02-24,quantile,wk inc flu hosp
01,1,0.65,140.60798092405324,2024-03-09,2024-02-24,quantile,wk inc flu hosp
02,1,0.65,1.7209772508809162,2024-03-09,2024-02-24,quantile,wk inc flu hosp
04,1,0.65,108.12011302983129,2024-03-09,2024-02-24,quantile,wk inc flu hosp
05,1,0.65,181.92700612172524,2024-03-09,2024-02-24,quantile,wk inc flu hosp
06,1,0.65,274.68618812259285,2024-03-09,2024-02-24,quantile,wk inc flu hosp
08,1,0.65,102.9404249941577,2024-03-09,2024-02-24,quantile,wk inc flu hosp
09,1,0.65,111.52463163011298,2024-03-09,2024-02-24,quantile,wk inc flu hosp
10,1,0.65,44.939872823650305,2024-03-09,2024-02-24,quantile,wk inc flu hosp
11,1,0.65,23.060802699805574,2024-03-09,2024-02-24,quantile,wk inc flu hosp
12,1,0.65,567.3660128073363,2024-03-09,2024-02-24,quantile,wk inc flu hosp
13,1,0.65,164.32318426268034,2024-03-09,2024-02-24,quantile,wk inc flu hosp
15,1,0.65,12.17584927664019,2024-03-09,2024-02-24,quantile,wk inc flu hosp
16,1,0.65,60.517319418700644,2024-03-09,2024-02-24,quantile,wk inc flu hosp
17,1,0.65,266.9834231486072,2024-03-09,2024-02-24,quantile,wk inc flu hosp
18,1,0.65,323.80414605164884,2024-03-09,2024-02-24,quantile,wk inc flu hosp
19,1,0.65,129.10656127698164,2024-03-09,2024-02-24,quantile,wk inc flu hosp
20,1,0.65,186.48904749836547,2024-03-09,2024-02-24,quantile,wk inc flu hosp
21,1,0.65,290.744251035502,2024-03-09,2024-02-24,quantile,wk inc flu hosp
22,1,0.65,76.6749879403965,2024-03-09,2024-02-24,quantile,wk inc flu hosp
23,1,0.65,97.60565973914038,2024-03-09,2024-02-24,quantile,wk inc flu hosp
24,1,0.65,117.96316726536863,2024-03-09,2024-02-24,quantile,wk inc flu hosp
25,1,0.65,498.45971506271525,2024-03-09,2024-02-24,quantile,wk inc flu hosp
26,1,0.65,827.5003507951936,2024-03-09,2024-02-24,quantile,wk inc flu hosp
27,1,0.65,165.07516802554304,2024-03-09,2024-02-24,quantile,wk inc flu hosp
28,1,0.65,69.22817770609683,2024-03-09,2024-02-24,quantile,wk inc flu hosp
29,1,0.65,314.2854708930569,2024-03-09,2024-02-24,quantile,wk inc flu hosp
30,1,0.65,6.487823448116998,2024-03-09,2024-02-24,quantile,wk inc flu hosp
31,1,0.65,62.513642471831574,2024-03-09,2024-02-24,quantile,wk inc flu hosp
32,1,0.65,56.24440464390385,2024-03-09,2024-02-24,quantile,wk inc flu hosp
33,1,0.65,46.22985733307407,2024-03-09,2024-02-24,quantile,wk inc flu hosp
34,1,0.65,369.6287449201186,2024-03-09,2024-02-24,quantile,wk inc flu hosp
35,1,0.65,75.37024367834393,2024-03-09,2024-02-24,quantile,wk inc flu hosp
36,1,0.65,694.666387046705,2024-03-09,2024-02-24,quantile,wk inc flu hosp
37,1,0.65,178.75448492270877,2024-03-09,2024-02-24,quantile,wk inc flu hosp
38,1,0.65,27.580209735235687,2024-03-09,2024-02-24,quantile,wk inc flu hosp
39,1,0.65,474.98373496750116,2024-03-09,2024-02-24,quantile,wk inc flu hosp
40,1,0.65,299.1663934890891,2024-03-09,2024-02-24,quantile,wk inc flu hosp
41,1,0.65,60.78573270263287,2024-03-09,2024-02-24,quantile,wk inc flu hosp
42,1,0.65,567.7076523150544,2024-03-09,2024-02-24,quantile,wk inc flu hosp
44,1,0.65,35.049485359285526,2024-03-09,2024-02-24,quantile,wk inc flu hosp
45,1,0.65,130.23352431224723,2024-03-09,2024-02-24,quantile,wk inc flu hosp
46,1,0.65,36.646197684686925,2024-03-09,2024-02-24,quantile,wk inc flu hosp
47,1,0.65,172.86216155001568,2024-03-09,2024-02-24,quantile,wk inc flu hosp
48,1,0.65,639.6810166713695,2024-03-09,2024-02-24,quantile,wk inc flu hosp
49,1,0.65,21.810663942233926,2024-03-09,2024-02-24,quantile,wk inc flu hosp
50,1,0.65,20.042376143039675,2024-03-09,2024-02-24,quantile,wk inc flu hosp
51,1,0.65,212.84980439220246,2024-03-09,2024-02-24,quantile,wk inc flu hosp
53,1,0.65,69.82773673638341,2024-03-09,2024-02-24,quantile,wk inc flu hosp
54,1,0.65,193.36608635314585,2024-03-09,2024-02-24,quantile,wk inc flu hosp
55,1,0.65,202.71686482699326,2024-03-09,2024-02-24,quantile,wk inc flu hosp
56,1,0.65,54.67993973375832,2024-03-09,2024-02-24,quantile,wk inc flu hosp
72,1,0.65,68.23806088106313,2024-03-09,2024-02-24,quantile,wk inc flu hosp
US,1,0.65,9670.762545029527,2024-03-09,2024-02-24,quantile,wk inc flu hosp
01,1,0.7,151.412222452759,2024-03-09,2024-02-24,quantile,wk inc flu hosp
02,1,0.7,2.6576580786588426,2024-03-09,2024-02-24,quantile,wk inc flu hosp
04,1,0.7,120.87254714884206,2024-03-09,2024-02-24,quantile,wk inc flu hosp
05,1,0.7,191.3753031910311,2024-03-09,2024-02-24,quantile,wk inc flu hosp
06,1,0.7,296.80759874066337,2024-03-09,2024-02-24,quantile,wk inc flu hosp
08,1,0.7,110.06119473030772,2024-03-09,2024-02-24,quantile,wk inc flu hosp
09,1,0.7,120.51127963509785,2024-03-09,2024-02-24,quantile,wk inc flu hosp
10,1,0.7,50.50731262609507,2024-03-09,2024-02-24,quantile,wk inc flu hosp
11,1,0.7,25.332274099193345,2024-03-09,2024-02-24,quantile,wk inc flu hosp
12,1,0.7,606.0374039842042,2024-03-09,2024-02-24,quantile,wk inc flu hosp
13,1,0.7,176.64977025522106,2024-03-09,2024-02-24,quantile,wk inc flu hosp
15,1,0.7,13.94526389819057,2024-03-09,2024-02-24,quantile,wk inc flu hosp
16,1,0.7,65.05870892161889,2024-03-09,2024-02-24,quantile,wk inc flu hosp
17,1,0.7,283.86187850778987,2024-03-09,2024-02-24,quantile,wk inc flu hosp
18,1,0.7,336.87926944654083,2024-03-09,2024-02-24,quantile,wk inc flu hosp
19,1,0.7,137.2100329881034,2024-03-09,2024-02-24,quantile,wk inc flu hosp
20,1,0.7,196.77884427252755,2024-03-09,2024-02-24,quantile,wk inc flu hosp
21,1,0.7,311.1447989712978,2024-03-09,2024-02-24,quantile,wk inc flu hosp
22,1,0.7,82.81187144160947,2024-03-09,2024-02-24,quantile,wk inc flu hosp
23,1,0.7,107.07492797709499,2024-03-09,2024-02-24,quantile,wk inc flu hosp
24,1,0.7,126.47669606586035,2024-03-09,2024-02-24,quantile,wk inc flu hosp
25,1,0.7,529.9146379331163,2024-03-09,2024-02-24,quantile,wk inc flu hosp
26,1,0.7,864.0246021328916,2024-03-09,2024-02-24,quantile,wk inc flu hosp
27,1,0.7,173.37952508823176,2024-03-09,2024-02-24,quantile,wk inc flu hosp
28,1,0.7,76.19434221084397,2024-03-09,2024-02-24,quantile,wk inc flu hosp
29,1,0.7,331.5272261563742,2024-03-09,2024-02-24,quantile,wk inc flu hosp
30,1,0.7,7.862680752066062,2024-03-09,2024-02-24,quantile,wk inc flu hosp
31,1,0.7,66.77718093448085,2024-03-09,2024-02-24,quantile,wk inc flu hosp
32,1,0.7,61.190245921689346,2024-03-09,2024-02-24,quantile,wk inc flu hosp
33,1,0.7,49.843960211230105,2024-03-09,2024-02-24,quantile,wk inc flu hosp
34,1,0.7,390.78235455574065,2024-03-09,2024-02-24,quantile,wk inc flu hosp
35,1,0.7,83.43265837564806,2024-03-09,2024-02-24,quantile,wk inc flu hosp
36,1,0.7,726.642718945136,2024-03-09,2024-02-24,quantile,wk inc flu hosp
37,1,0.7,194.78982503326588,2024-03-09,2024-02-24,quantile,wk inc flu hosp
38,1,0.7,31.601751334026996,2024-03-09,2024-02-24,quantile,wk inc flu hosp
39,1,0.7,495.73026804756137,2024-03-09,2024-02-24,quantile,wk inc flu hosp
40,1,0.7,318.76294105097384,2024-03-09,2024-02-24,quantile,wk inc flu hosp
41,1,0.7,66.68649274228368,2024-03-09,2024-02-24,quantile,wk inc flu hosp
42,1,0.7,600.1053342715842,2024-03-09,2024-02-24,quantile,wk inc flu hosp
44,1,0.7,37.80054779433919,2024-03-09,2024-02-24,quantile,wk inc flu hosp
45,1,0.7,140.21516911247713,2024-03-09,2024-02-24,quantile,wk inc flu hosp
46,1,0.7,40.593793333064255,2024-03-09,2024-02-24,quantile,wk inc flu hosp
47,1,0.7,185.49499467706983,2024-03-09,2024-02-24,quantile,wk inc flu hosp
48,1,0.7,665.9754557820935,2024-03-09,2024-02-24,quantile,wk inc flu hosp
49,1,0.7,24.021999549711794,2024-03-09,2024-02-24,quantile,wk inc flu hosp
50,1,0.7,22.246471056542983,2024-03-09,2024-02-24,quantile,wk inc flu hosp
51,1,0.7,231.9098075606023,2024-03-09,2024-02-24,quantile,wk inc flu hosp
53,1,0.7,76.55209985063492,2024-03-09,2024-02-24,quantile,wk inc flu hosp
54,1,0.7,211.05204953767452,2024-03-09,2024-02-24,quantile,wk inc flu hosp
55,1,0.7,215.54241494752057,2024-03-09,2024-02-24,quantile,wk inc flu hosp
56,1,0.7,58.926954732270325,2024-03-09,2024-02-24,quantile,wk inc flu hosp
72,1,0.7,74.82924711880781,2024-03-09,2024-02-24,quantile,wk inc flu hosp
US,1,0.7,10121.503653346821,2024-03-09,2024-02-24,quantile,wk inc flu hosp
01,1,0.75,164.1600349064796,2024-03-09,2024-02-24,quantile,wk inc flu hosp
02,1,0.75,3.528197358233981,2024-03-09,2024-02-24,quantile,wk inc flu hosp
04,1,0.75,134.16898825938836,2024-03-09,2024-02-24,quantile,wk inc flu hosp
05,1,0.75,205.11183339852678,2024-03-09,2024-02-24,quantile,wk inc flu hosp
06,1,0.75,325.41947978705366,2024-03-09,2024-02-24,quantile,wk inc flu hosp
08,1,0.75,119.67903896923394,2024-03-09,2024-02-24,quantile,wk inc flu hosp
09,1,0.75,130.5747494627275,2024-03-09,2024-02-24,quantile,wk inc flu hosp
10,1,0.75,55.88284783239361,2024-03-09,2024-02-24,quantile,wk inc flu hosp
11,1,0.75,27.826361592237454,2024-03-09,2024-02-24,quantile,wk inc flu hosp
12,1,0.75,638.1002427264219,2024-03-09,2024-02-24,quantile,wk inc flu hosp
13,1,0.75,186.11310229687226,2024-03-09,2024-02-24,quantile,wk inc flu hosp
15,1,0.75,17.019254849504232,2024-03-09,2024-02-24,quantile,wk inc flu hosp
16,1,0.75,72.44249448145803,2024-03-09,2024-02-24,quantile,wk inc flu hosp
17,1,0.75,305.07255554614426,2024-03-09,2024-02-24,quantile,wk inc flu hosp
18,1,0.75,359.00521337414875,2024-03-09,2024-02-24,quantile,wk inc flu hosp
19,1,0.75,147.62603929653744,2024-03-09,2024-02-24,quantile,wk inc flu hosp
20,1,0.75,207.44184595414677,2024-03-09,2024-02-24,quantile,wk inc flu hosp
21,1,0.75,335.2923546147203,2024-03-09,2024-02-24,quantile,wk inc flu hosp
22,1,0.75,90.4505216915803,2024-03-09,2024-02-24,quantile,wk inc flu hosp
23,1,0.75,115.77897201088346,2024-03-09,2024-02-24,quantile,wk inc flu hosp
24,1,0.75,134.7569615227197,2024-03-09,2024-02-24,quantile,wk inc flu hosp
25,1,0.75,555.4067480489574,2024-03-09,2024-02-24,quantile,wk inc flu hosp
26,1,0.75,908.9285657502754,2024-03-09,2024-02-24,quantile,wk inc flu hosp
27,1,0.75,182.61451661256478,2024-03-09,2024-02-24,quantile,wk inc flu hosp
28,1,0.75,83.07738141282212,2024-03-09,2024-02-24,quantile,wk inc flu hosp
29,1,0.75,353.6671970356644,2024-03-09,2024-02-24,quantile,wk inc flu hosp
30,1,0.75,9.92885570685673,2024-03-09,2024-02-24,quantile,wk inc flu hosp
31,1,0.75,73.10766637743664,2024-03-09,2024-02-24,quantile,wk inc flu hosp
32,1,0.75,67.02213964876142,2024-03-09,2024-02-24,quantile,wk inc flu hosp
33,1,0.75,54.86184650706536,2024-03-09,2024-02-24,quantile,wk inc flu hosp
34,1,0.75,423.9917461141955,2024-03-09,2024-02-24,quantile,wk inc flu hosp
35,1,0.75,89.02585174122123,2024-03-09,2024-02-24,quantile,wk inc flu hosp
36,1,0.75,756.6997567232527,2024-03-09,2024-02-24,quantile,wk inc flu hosp
37,1,0.75,209.73859419657714,2024-03-09,2024-02-24,quantile,wk inc flu hosp
38,1,0.75,35.088921842909166,2024-03-09,2024-02-24,quantile,wk inc flu hosp
39,1,0.75,519.5975994199954,2024-03-09,2024-02-24,quantile,wk inc flu hosp
40,1,0.75,345.172243884944,2024-03-09,2024-02-24,quantile,wk inc flu hosp
41,1,0.75,75.71477157231867,2024-03-09,2024-02-24,quantile,wk inc flu hosp
42,1,0.75,632.2060883282016,2024-03-09,2024-02-24,quantile,wk inc flu hosp
44,1,0.75,42.402494915337535,2024-03-09,2024-02-24,quantile,wk inc flu hosp
45,1,0.75,151.32967211961508,2024-03-09,2024-02-24,quantile,wk inc flu hosp
46,1,0.75,46.25171992302372,2024-03-09,2024-02-24,quantile,wk inc flu hosp
47,1,0.75,197.93236373065446,2024-03-09,2024-02-24,quantile,wk inc flu hosp
48,1,0.75,700.1528452428871,2024-03-09,2024-02-24,quantile,wk inc flu hosp
49,1,0.75,27.206558633097504,2024-03-09,2024-02-24,quantile,wk inc flu hosp
50,1,0.75,25.29688205724754,2024-03-09,2024-02-24,quantile,wk inc flu hosp
51,1,0.75,250.05652293999205,2024-03-09,2024-02-24,quantile,wk inc flu hosp
53,1,0.75,86.59155519924106,2024-03-09,2024-02-24,quantile,wk inc flu hosp
54,1,0.75,233.45990104114782,2024-03-09,2024-02-24,quantile,wk inc flu hosp
55,1,0.75,232.18681627082046,2024-03-09,2024-02-24,quantile,wk inc flu hosp
56,1,0.75,65.12209335115007,2024-03-09,2024-02-24,quantile,wk inc flu hosp
72,1,0.75,80.47478235780251,2024-03-09,2024-02-24,quantile,wk inc flu hosp
US,1,0.75,10511.667876719828,2024-03-09,2024-02-24,quantile,wk inc flu hosp
01,1,0.8,179.63439779256836,2024-03-09,2024-02-24,quantile,wk inc flu hosp
02,1,0.8,4.769932185603209,2024-03-09,2024-02-24,quantile,wk inc flu hosp
04,1,0.8,149.6491773171918,2024-03-09,2024-02-24,quantile,wk inc flu hosp
05,1,0.8,219.54609297419336,2024-03-09,2024-02-24,quantile,wk inc flu hosp
06,1,0.8,352.20341933802894,2024-03-09,2024-02-24,quantile,wk inc flu hosp
08,1,0.8,130.92664763614107,2024-03-09,2024-02-24,quantile,wk inc flu hosp
09,1,0.8,141.13985637736616,2024-03-09,2024-02-24,quantile,wk inc flu hosp
10,1,0.8,62.8769777857987,2024-03-09,2024-02-24,quantile,wk inc flu hosp
11,1,0.8,30.830721375021675,2024-03-09,2024-02-24,quantile,wk inc flu hosp
12,1,0.8,682.1156207483734,2024-03-09,2024-02-24,quantile,wk inc flu hosp
13,1,0.8,201.87332088384792,2024-03-09,2024-02-24,quantile,wk inc flu hosp
15,1,0.8,19.59862905327631,2024-03-09,2024-02-24,quantile,wk inc flu hosp
16,1,0.8,81.3747500274574,2024-03-09,2024-02-24,quantile,wk inc flu hosp
17,1,0.8,329.9142434327287,2024-03-09,2024-02-24,quantile,wk inc flu hosp
18,1,0.8,375.0180946165026,2024-03-09,2024-02-24,quantile,wk inc flu hosp
19,1,0.8,159.32474072794685,2024-03-09,2024-02-24,quantile,wk inc flu hosp
20,1,0.8,222.4347710659875,2024-03-09,2024-02-24,quantile,wk inc flu hosp
21,1,0.8,368.46906400548073,2024-03-09,2024-02-24,quantile,wk inc flu hosp
22,1,0.8,100.08491644075053,2024-03-09,2024-02-24,quantile,wk inc flu hosp
23,1,0.8,127.85662398841431,2024-03-09,2024-02-24,quantile,wk inc flu hosp
24,1,0.8,145.32232103334482,2024-03-09,2024-02-24,quantile,wk inc flu hosp
25,1,0.8,592.0355701919606,2024-03-09,2024-02-24,quantile,wk inc flu hosp
26,1,0.8,970.6214245084234,2024-03-09,2024-02-24,quantile,wk inc flu hosp
27,1,0.8,193.54743041127747,2024-03-09,2024-02-24,quantile,wk inc flu hosp
28,1,0.8,91.70543162708621,2024-03-09,2024-02-24,quantile,wk inc flu hosp
29,1,0.8,380.6902123140656,2024-03-09,2024-02-24,quantile,wk inc flu hosp
30,1,0.8,12.068576113152146,2024-03-09,2024-02-24,quantile,wk inc flu hosp
31,1,0.8,79.30477687478253,2024-03-09,2024-02-24,quantile,wk inc flu hosp
32,1,0.8,73.00168322191269,2024-03-09,2024-02-24,quantile,wk inc flu hosp
33,1,0.8,61.781431902380454,2024-03-09,2024-02-24,quantile,wk inc flu hosp
34,1,0.8,455.01366439371407,2024-03-09,2024-02-24,quantile,wk inc flu hosp
35,1,0.8,99.43186915981266,2024-03-09,2024-02-24,quantile,wk inc flu hosp
36,1,0.8,804.4172613797823,2024-03-09,2024-02-24,quantile,wk inc flu hosp
37,1,0.8,226.77267531093807,2024-03-09,2024-02-24,quantile,wk inc flu hosp
38,1,0.8,39.382905796195864,2024-03-09,2024-02-24,quantile,wk inc flu hosp
39,1,0.8,553.6331428108663,2024-03-09,2024-02-24,quantile,wk inc flu hosp
40,1,0.8,372.80336445931965,2024-03-09,2024-02-24,quantile,wk inc flu hosp
41,1,0.8,82.03459663616414,2024-03-09,2024-02-24,quantile,wk inc flu hosp
42,1,0.8,669.1677519984873,2024-03-09,2024-02-24,quantile,wk inc flu hosp
44,1,0.8,47.929005214289,2024-03-09,2024-02-24,quantile,wk inc flu hosp
45,1,0.8,162.82103892112636,2024-03-09,2024-02-24,quantile,wk inc flu hosp
46,1,0.8,53.72137454647582,2024-03-09,2024-02-24,quantile,wk inc flu hosp
47,1,0.8,216.1697980739158,2024-03-09,2024-02-24,quantile,wk inc flu hosp
48,1,0.8,741.2584763598736,2024-03-09,2024-02-24,quantile,wk inc flu hosp
49,1,0.8,31.04706711654151,2024-03-09,2024-02-24,quantile,wk inc flu hosp
50,1,0.8,28.060333292202394,2024-03-09,2024-02-24,quantile,wk inc flu hosp
51,1,0.8,273.407589072104,2024-03-09,2024-02-24,quantile,wk inc flu hosp
53,1,0.8,95.34914234101089,2024-03-09,2024-02-24,quantile,wk inc flu hosp
54,1,0.8,254.75209155444495,2024-03-09,2024-02-24,quantile,wk inc flu hosp
55,1,0.8,248.28547937463944,2024-03-09,2024-02-24,quantile,wk inc flu hosp
56,1,0.8,72.88430033903776,2024-03-09,2024-02-24,quantile,wk inc flu hosp
72,1,0.8,88.1834170978666,2024-03-09,2024-02-24,quantile,wk inc flu hosp
US,1,0.8,11003.543685707638,2024-03-09,2024-02-24,quantile,wk inc flu hosp
01,1,0.85,195.5792449955951,2024-03-09,2024-02-24,quantile,wk inc flu hosp
02,1,0.85,6.913406530399014,2024-03-09,2024-02-24,quantile,wk inc flu hosp
04,1,0.85,175.13774465268352,2024-03-09,2024-02-24,quantile,wk inc flu hosp
05,1,0.85,240.88362965195452,2024-03-09,2024-02-24,quantile,wk inc flu hosp
06,1,0.85,393.98752367523593,2024-03-09,2024-02-24,quantile,wk inc flu hosp
08,1,0.85,144.58072265252514,2024-03-09,2024-02-24,quantile,wk inc flu hosp
09,1,0.85,156.59190123190538,2024-03-09,2024-02-24,quantile,wk inc flu hosp
10,1,0.85,71.77022618882606,2024-03-09,2024-02-24,quantile,wk inc flu hosp
11,1,0.85,34.55895777800424,2024-03-09,2024-02-24,quantile,wk inc flu hosp
12,1,0.85,719.8159233714574,2024-03-09,2024-02-24,quantile,wk inc flu hosp
13,1,0.85,218.2428164152392,2024-03-09,2024-02-24,quantile,wk inc flu hosp
15,1,0.85,23.31739409288477,2024-03-09,2024-02-24,quantile,wk inc flu hosp
16,1,0.85,93.04689803950608,2024-03-09,2024-02-24,quantile,wk inc flu hosp
17,1,0.85,361.62001136670995,2024-03-09,2024-02-24,quantile,wk inc flu hosp
18,1,0.85,404.88052115783466,2024-03-09,2024-02-24,quantile,wk inc flu hosp
19,1,0.85,174.9431974438287,2024-03-09,2024-02-24,quantile,wk inc flu hosp
20,1,0.85,238.21322194591286,2024-03-09,2024-02-24,quantile,wk inc flu hosp
21,1,0.85,400.8418367185738,2024-03-09,2024-02-24,quantile,wk inc flu hosp
22,1,0.85,114.68796481988072,2024-03-09,2024-02-24,quantile,wk inc flu hosp
23,1,0.85,143.15874282463074,2024-03-09,2024-02-24,quantile,wk inc flu hosp
24,1,0.85,158.33253119676903,2024-03-09,2024-02-24,quantile,wk inc flu hosp
25,1,0.85,625.1982666039779,2024-03-09,2024-02-24,quantile,wk inc flu hosp
26,1,0.85,1044.3091213829744,2024-03-09,2024-02-24,quantile,wk inc flu hosp
27,1,0.85,209.6226927342518,2024-03-09,2024-02-24,quantile,wk inc flu hosp
28,1,0.85,102.98367693197113,2024-03-09,2024-02-24,quantile,wk inc flu hosp
29,1,0.85,407.2112226371375,2024-03-09,2024-02-24,quantile,wk inc flu hosp
30,1,0.85,14.989688491103756,2024-03-09,2024-02-24,quantile,wk inc flu hosp
31,1,0.85,87.4914628904501,2024-03-09,2024-02-24,quantile,wk inc flu hosp
32,1,0.85,80.56305791432308,2024-03-09,2024-02-24,quantile,wk inc flu hosp
33,1,0.85,68.7003497238468,2024-03-09,2024-02-24,quantile,wk inc flu hosp
34,1,0.85,491.6143395999369,2024-03-09,2024-02-24,quantile,wk inc flu hosp
35,1,0.85,110.30480266354802,2024-03-09,2024-02-24,quantile,wk inc flu hosp
36,1,0.85,845.9638642171825,2024-03-09,2024-02-24,quantile,wk inc flu hosp
37,1,0.85,252.5603721369227,2024-03-09,2024-02-24,quantile,wk inc flu hosp
38,1,0.85,45.34368685307056,2024-03-09,2024-02-24,quantile,wk inc flu hosp
39,1,0.85,591.5958810849487,2024-03-09,2024-02-24,quantile,wk inc flu hosp
40,1,0.85,400.75498975116335,2024-03-09,2024-02-24,quantile,wk inc flu hosp
41,1,0.85,93.90625093714557,2024-03-09,2024-02-24,quantile,wk inc flu hosp
42,1,0.85,709.2052539202384,2024-03-09,2024-02-24,quantile,wk inc flu hosp
44,1,0.85,54.568875288937164,2024-03-09,2024-02-24,quantile,wk inc flu hosp
45,1,0.85,176.6372610072257,2024-03-09,2024-02-24,quantile,wk inc flu hosp
46,1,0.85,61.224009691812334,2024-03-09,2024-02-24,quantile,wk inc flu hosp
47,1,0.85,242.35726769400782,2024-03-09,2024-02-24,quantile,wk inc flu hosp
48,1,0.85,784.8298933411809,2024-03-09,2024-02-24,quantile,wk inc flu hosp
49,1,0.85,35.552653219614506,2024-03-09,2024-02-24,quantile,wk inc flu hosp
50,1,0.85,32.90970455683875,2024-03-09,2024-02-24,quantile,wk inc flu hosp
51,1,0.85,301.9331278573684,2024-03-09,2024-02-24,quantile,wk inc flu hosp
53,1,0.85,108.17700778562741,2024-03-09,2024-02-24,quantile,wk inc flu hosp
54,1,0.85,275.4484009462243,2024-03-09,2024-02-24,quantile,wk inc flu hosp
55,1,0.85,265.4711904231617,2024-03-09,2024-02-24,quantile,wk inc flu hosp
56,1,0.85,81.01724050661771,2024-03-09,2024-02-24,quantile,wk inc flu hosp
72,1,0.85,100.16870371546071,2024-03-09,2024-02-24,quantile,wk inc flu hosp
US,1,0.85,11659.605102635074,2024-03-09,2024-02-24,quantile,wk inc flu hosp
01,1,0.9,224.50381208845235,2024-03-09,2024-02-24,quantile,wk inc flu hosp
02,1,0.9,10.261565463024313,2024-03-09,2024-02-24,quantile,wk inc flu hosp
04,1,0.9,196.45941680371718,2024-03-09,2024-02-24,quantile,wk inc flu hosp
05,1,0.9,266.4489448138416,2024-03-09,2024-02-24,quantile,wk inc flu hosp
06,1,0.9,459.8407471579551,2024-03-09,2024-02-24,quantile,wk inc flu hosp
08,1,0.9,161.2514377820473,2024-03-09,2024-02-24,quantile,wk inc flu hosp
09,1,0.9,176.50984870869664,2024-03-09,2024-02-24,quantile,wk inc flu hosp
10,1,0.9,85.44472292968119,2024-03-09,2024-02-24,quantile,wk inc flu hosp
11,1,0.9,40.62394020957657,2024-03-09,2024-02-24,quantile,wk inc flu hosp
12,1,0.9,767.3678675175976,2024-03-09,2024-02-24,quantile,wk inc flu hosp
13,1,0.9,246.49502251946396,2024-03-09,2024-02-24,quantile,wk inc flu hosp
15,1,0.9,28.985870760970897,2024-03-09,2024-02-24,quantile,wk inc flu hosp
16,1,0.9,109.48089465630247,2024-03-09,2024-02-24,quantile,wk inc flu hosp
17,1,0.9,399.64146271913916,2024-03-09,2024-02-24,quantile,wk inc flu hosp
18,1,0.9,447.24957160786994,2024-03-09,2024-02-24,quantile,wk inc flu hosp
19,1,0.9,199.73738991598333,2024-03-09,2024-02-24,quantile,wk inc flu hosp
20,1,0.9,265.2938315951641,2024-03-09,2024-02-24,quantile,wk inc flu hosp
21,1,0.9,440.80627942485535,2024-03-09,2024-02-24,quantile,wk inc flu hosp
22,1,0.9,129.65163469462735,2024-03-09,2024-02-24,quantile,wk inc flu hosp
23,1,0.9,160.73136599369735,2024-03-09,2024-02-24,quantile,wk inc flu hosp
24,1,0.9,177.55559988911534,2024-03-09,2024-02-24,quantile,wk inc flu hosp
25,1,0.9,686.4173241661365,2024-03-09,2024-02-24,quantile,wk inc flu hosp
26,1,0.9,1112.4970802247701,2024-03-09,2024-02-24,quantile,wk inc flu hosp
27,1,0.9,228.16001810992316,2024-03-09,2024-02-24,quantile,wk inc flu hosp
28,1,0.9,118.52903317534721,2024-03-09,2024-02-24,quantile,wk inc flu hosp
29,1,0.9,453.755695995807,2024-03-09,2024-02-24,quantile,wk inc flu hosp
30,1,0.9,19.52612985542454,2024-03-09,2024-02-24,quantile,wk inc flu hosp
31,1,0.9,97.53280857419269,2024-03-09,2024-02-24,quantile,wk inc flu hosp
32,1,0.9,88.82041012764955,2024-03-09,2024-02-24,quantile,wk inc flu hosp
33,1,0.9,77.15767259687127,2024-03-09,2024-02-24,quantile,wk inc flu hosp
34,1,0.9,537.1219627020672,2024-03-09,2024-02-24,quantile,wk inc flu hosp
35,1,0.9,128.83623211671028,2024-03-09,2024-02-24,quantile,wk inc flu hosp
36,1,0.9,910.5237351773675,2024-03-09,2024-02-24,quantile,wk inc flu hosp
37,1,0.9,284.11342421726556,2024-03-09,2024-02-24,quantile,wk inc flu hosp
38,1,0.9,53.58346828476493,2024-03-09,2024-02-24,quantile,wk inc flu hosp
39,1,0.9,647.663123202891,2024-03-09,2024-02-24,quantile,wk inc flu hosp
40,1,0.9,445.6111782932291,2024-03-09,2024-02-24,quantile,wk inc flu hosp
41,1,0.9,108.27446989476513,2024-03-09,2024-02-24,quantile,wk inc flu hosp
42,1,0.9,774.2062058601332,2024-03-09,2024-02-24,quantile,wk inc flu hosp
44,1,0.9,64.19083871632486,2024-03-09,2024-02-24,quantile,wk inc flu hosp
45,1,0.9,198.23042577976443,2024-03-09,2024-02-24,quantile,wk inc flu hosp
46,1,0.9,71.15902292841949,2024-03-09,2024-02-24,quantile,wk inc flu hosp
47,1,0.9,267.5440368708763,2024-03-09,2024-02-24,quantile,wk inc flu hosp
48,1,0.9,836.5950294096989,2024-03-09,2024-02-24,quantile,wk inc flu hosp
49,1,0.9,40.66150356577398,2024-03-09,2024-02-24,quantile,wk inc flu hosp
50,1,0.9,38.23609546334235,2024-03-09,2024-02-24,quantile,wk inc flu hosp
51,1,0.9,328.03889460075766,2024-03-09,2024-02-24,quantile,wk inc flu hosp
53,1,0.9,123.08321408148045,2024-03-09,2024-02-24,quantile,wk inc flu hosp
54,1,0.9,313.88511704746844,2024-03-09,2024-02-24,quantile,wk inc flu hosp
55,1,0.9,295.9700287848703,2024-03-09,2024-02-24,quantile,wk inc flu hosp
56,1,0.9,99.997030151983,2024-03-09,2024-02-24,quantile,wk inc flu hosp
72,1,0.9,112.99854585278784,2024-03-09,2024-02-24,quantile,wk inc flu hosp
US,1,0.9,12429.288272487058,2024-03-09,2024-02-24,quantile,wk inc flu hosp
01,1,0.95,256.52927344415286,2024-03-09,2024-02-24,quantile,wk inc flu hosp
02,1,0.95,15.731153031577232,2024-03-09,2024-02-24,quantile,wk inc flu hosp
04,1,0.95,236.90750261059725,2024-03-09,2024-02-24,quantile,wk inc flu hosp
05,1,0.95,311.5721871922062,2024-03-09,2024-02-24,quantile,wk inc flu hosp
06,1,0.95,534.2755881846305,2024-03-09,2024-02-24,quantile,wk inc flu hosp
08,1,0.95,189.1478809534049,2024-03-09,2024-02-24,quantile,wk inc flu hosp
09,1,0.95,210.28024071292228,2024-03-09,2024-02-24,quantile,wk inc flu hosp
10,1,0.95,108.808443802892,2024-03-09,2024-02-24,quantile,wk inc flu hosp
11,1,0.95,51.214162674826284,2024-03-09,2024-02-24,quantile,wk inc flu hosp
12,1,0.95,886.5872963804749,2024-03-09,2024-02-24,quantile,wk inc flu hosp
13,1,0.95,280.48644588659926,2024-03-09,2024-02-24,quantile,wk inc flu hosp
15,1,0.95,37.939557456980296,2024-03-09,2024-02-24,quantile,wk inc flu hosp
16,1,0.95,134.311272940799,2024-03-09,2024-02-24,quantile,wk inc flu hosp
17,1,0.95,464.70436096377927,2024-03-09,2024-02-24,quantile,wk inc flu hosp
18,1,0.95,497.152374829979,2024-03-09,2024-02-24,quantile,wk inc flu hosp
19,1,0.95,233.829485439731,2024-03-09,2024-02-24,quantile,wk inc flu hosp
20,1,0.95,302.6375713543575,2024-03-09,2024-02-24,quantile,wk inc flu hosp
21,1,0.95,501.6898426446049,2024-03-09,2024-02-24,quantile,wk inc flu hosp
22,1,0.95,148.3653728163119,2024-03-09,2024-02-24,quantile,wk inc flu hosp
23,1,0.95,191.6649747775235,2024-03-09,2024-02-24,quantile,wk inc flu hosp
24,1,0.95,209.37059186282266,2024-03-09,2024-02-24,quantile,wk inc flu hosp
25,1,0.95,753.4457040082175,2024-03-09,2024-02-24,quantile,wk inc flu hosp
26,1,0.95,1316.3519393860577,2024-03-09,2024-02-24,quantile,wk inc flu hosp
27,1,0.95,254.34010945037645,2024-03-09,2024-02-24,quantile,wk inc flu hosp
28,1,0.95,140.8066988861121,2024-03-09,2024-02-24,quantile,wk inc flu hosp
29,1,0.95,515.9797760944851,2024-03-09,2024-02-24,quantile,wk inc flu hosp
30,1,0.95,25.804454342485293,2024-03-09,2024-02-24,quantile,wk inc flu hosp
31,1,0.95,112.2134738081718,2024-03-09,2024-02-24,quantile,wk inc flu hosp
32,1,0.95,111.89908704936937,2024-03-09,2024-02-24,quantile,wk inc flu hosp
33,1,0.95,95.38756408142918,2024-03-09,2024-02-24,quantile,wk inc flu hosp
34,1,0.95,618.0399334586776,2024-03-09,2024-02-24,quantile,wk inc flu hosp
35,1,0.95,154.58563920693962,2024-03-09,2024-02-24,quantile,wk inc flu hosp
36,1,0.95,1006.9393967555774,2024-03-09,2024-02-24,quantile,wk inc flu hosp
37,1,0.95,334.4438037111498,2024-03-09,2024-02-24,quantile,wk inc flu hosp
38,1,0.95,63.94807692165507,2024-03-09,2024-02-24,quantile,wk inc flu hosp
39,1,0.95,727.9577514968939,2024-03-09,2024-02-24,quantile,wk inc flu hosp
40,1,0.95,508.3512695300439,2024-03-09,2024-02-24,quantile,wk inc flu hosp
41,1,0.95,130.92956190786143,2024-03-09,2024-02-24,quantile,wk inc flu hosp
42,1,0.95,876.3699444727918,2024-03-09,2024-02-24,quantile,wk inc flu hosp
44,1,0.95,77.36924989309617,2024-03-09,2024-02-24,quantile,wk inc flu hosp
45,1,0.95,237.41462083488855,2024-03-09,2024-02-24,quantile,wk inc flu hosp
46,1,0.95,94.1333234348517,2024-03-09,2024-02-24,quantile,wk inc flu hosp
47,1,0.95,304.2531770191674,2024-03-09,2024-02-24,quantile,wk inc flu hosp
48,1,0.95,920.8854180057474,2024-03-09,2024-02-24,quantile,wk inc flu hosp
49,1,0.95,50.58196566635206,2024-03-09,2024-02-24,quantile,wk inc flu hosp
50,1,0.95,47.84093973334404,2024-03-09,2024-02-24,quantile,wk inc flu hosp
51,1,0.95,381.3461135043546,2024-03-09,2024-02-24,quantile,wk inc flu hosp
53,1,0.95,149.2963625455994,2024-03-09,2024-02-24,quantile,wk inc flu hosp
54,1,0.95,358.7456155562974,2024-03-09,2024-02-24,quantile,wk inc flu hosp
55,1,0.95,333.91143882636516,2024-03-09,2024-02-24,quantile,wk inc flu hosp
56,1,0.95,126.93236555636528,2024-03-09,2024-02-24,quantile,wk inc flu hosp
72,1,0.95,135.82768268568134,2024-03-09,2024-02-24,quantile,wk inc flu hosp
US,1,0.95,13752.202484316325,2024-03-09,2024-02-24,quantile,wk inc flu hosp
01,1,0.975,296.9453540263974,2024-03-09,2024-02-24,quantile,wk inc flu hosp
02,1,0.975,22.818083344568095,2024-03-09,2024-02-24,quantile,wk inc flu hosp
04,1,0.975,298.87916866132383,2024-03-09,2024-02-24,quantile,wk inc flu hosp
05,1,0.975,350.57158069017174,2024-03-09,2024-02-24,quantile,wk inc flu hosp
06,1,0.975,631.4259938561485,2024-03-09,2024-02-24,quantile,wk inc flu hosp
08,1,0.975,215.57668222974286,2024-03-09,2024-02-24,quantile,wk inc flu hosp
09,1,0.975,249.34064542764165,2024-03-09,2024-02-24,quantile,wk inc flu hosp
10,1,0.975,130.18015605310137,2024-03-09,2024-02-24,quantile,wk inc flu hosp
11,1,0.975,62.07642129573387,2024-03-09,2024-02-24,quantile,wk inc flu hosp
12,1,0.975,1002.8926881280876,2024-03-09,2024-02-24,quantile,wk inc flu hosp
13,1,0.975,317.28134737779425,2024-03-09,2024-02-24,quantile,wk inc flu hosp
15,1,0.975,49.19045684016142,2024-03-09,2024-02-24,quantile,wk inc flu hosp
16,1,0.975,160.76224195340808,2024-03-09,2024-02-24,quantile,wk inc flu hosp
17,1,0.975,517.5185605063311,2024-03-09,2024-02-24,quantile,wk inc flu hosp
18,1,0.975,533.3827430806678,2024-03-09,2024-02-24,quantile,wk inc flu hosp
19,1,0.975,280.2220467876263,2024-03-09,2024-02-24,quantile,wk inc flu hosp
20,1,0.975,333.8132634266969,2024-03-09,2024-02-24,quantile,wk inc flu hosp
21,1,0.975,556.1928515015463,2024-03-09,2024-02-24,quantile,wk inc flu hosp
22,1,0.975,178.8274381918685,2024-03-09,2024-02-24,quantile,wk inc flu hosp
23,1,0.975,222.52772933598547,2024-03-09,2024-02-24,quantile,wk inc flu hosp
24,1,0.975,228.82892294423164,2024-03-09,2024-02-24,quantile,wk inc flu hosp
25,1,0.975,839.3844237962942,2024-03-09,2024-02-24,quantile,wk inc flu hosp
26,1,0.975,1426.1568952461832,2024-03-09,2024-02-24,quantile,wk inc flu hosp
27,1,0.975,282.43623296625157,2024-03-09,2024-02-24,quantile,wk inc flu hosp
28,1,0.975,166.99464837673094,2024-03-09,2024-02-24,quantile,wk inc flu hosp
29,1,0.975,584.7575440167751,2024-03-09,2024-02-24,quantile,wk inc flu hosp
30,1,0.975,32.789460485435725,2024-03-09,2024-02-24,quantile,wk inc flu hosp
31,1,0.975,126.84917968947597,2024-03-09,2024-02-24,quantile,wk inc flu hosp
32,1,0.975,131.62855837068753,2024-03-09,2024-02-24,quantile,wk inc flu hosp
33,1,0.975,115.01462311549878,2024-03-09,2024-02-24,quantile,wk inc flu hosp
34,1,0.975,697.278430324338,2024-03-09,2024-02-24,quantile,wk inc flu hosp
35,1,0.975,176.39262357566514,2024-03-09,2024-02-24,quantile,wk inc flu hosp
36,1,0.975,1094.1647061868382,2024-03-09,2024-02-24,quantile,wk inc flu hosp
37,1,0.975,391.1403879154275,2024-03-09,2024-02-24,quantile,wk inc flu hosp
38,1,0.975,81.09701179085923,2024-03-09,2024-02-24,quantile,wk inc flu hosp
39,1,0.975,813.1921380386518,2024-03-09,2024-02-24,quantile,wk inc flu hosp
40,1,0.975,576.6863850100825,2024-03-09,2024-02-24,quantile,wk inc flu hosp
41,1,0.975,149.2268285558689,2024-03-09,2024-02-24,quantile,wk inc flu hosp
42,1,0.975,1003.1142167269436,2024-03-09,2024-02-24,quantile,wk inc flu hosp
44,1,0.975,92.97601723090982,2024-03-09,2024-02-24,quantile,wk inc flu hosp
45,1,0.975,266.9382510844493,2024-03-09,2024-02-24,quantile,wk inc flu hosp
46,1,0.975,118.79864822286223,2024-03-09,2024-02-24,quantile,wk inc flu hosp
47,1,0.975,357.3542636223206,2024-03-09,2024-02-24,quantile,wk inc flu hosp
48,1,0.975,999.4498919407961,2024-03-09,2024-02-24,quantile,wk inc flu hosp
49,1,0.975,59.92456471660974,2024-03-09,2024-02-24,quantile,wk inc flu hosp
50,1,0.975,56.97796337125405,2024-03-09,2024-02-24,quantile,wk inc flu hosp
51,1,0.975,445.58462374976216,2024-03-09,2024-02-24,quantile,wk inc flu hosp
53,1,0.975,182.8904564780302,2024-03-09,2024-02-24,quantile,wk inc flu hosp
54,1,0.975,409.5651765839863,2024-03-09,2024-02-24,quantile,wk inc flu hosp
55,1,0.975,372.560263071594,2024-03-09,2024-02-24,quantile,wk inc flu hosp
56,1,0.975,149.2930167274234,2024-03-09,2024-02-24,quantile,wk inc flu hosp
72,1,0.975,153.56500045054264,2024-03-09,2024-02-24,quantile,wk inc flu hosp
US,1,0.975,15133.171515610386,2024-03-09,2024-02-24,quantile,wk inc flu hosp
01,1,0.99,351.6429529138036,2024-03-09,2024-02-24,quantile,wk inc flu hosp
02,1,0.99,33.95775157882213,2024-03-09,2024-02-24,quantile,wk inc flu hosp
04,1,0.99,396.00919615609496,2024-03-09,2024-02-24,quantile,wk inc flu hosp
05,1,0.99,393.6959772876644,2024-03-09,2024-02-24,quantile,wk inc flu hosp
06,1,0.99,755.7747854773299,2024-03-09,2024-02-24,quantile,wk inc flu hosp
08,1,0.99,250.56457242939788,2024-03-09,2024-02-24,quantile,wk inc flu hosp
09,1,0.99,281.88720850842077,2024-03-09,2024-02-24,quantile,wk inc flu hosp
10,1,0.99,160.98580613779242,2024-03-09,2024-02-24,quantile,wk inc flu hosp
11,1,0.99,73.62923394957657,2024-03-09,2024-02-24,quantile,wk inc flu hosp
12,1,0.99,1082.9586882727217,2024-03-09,2024-02-24,quantile,wk inc flu hosp
13,1,0.99,350.24268212497844,2024-03-09,2024-02-24,quantile,wk inc flu hosp
15,1,0.99,63.98630561654314,2024-03-09,2024-02-24,quantile,wk inc flu hosp
16,1,0.99,207.2166823092172,2024-03-09,2024-02-24,quantile,wk inc flu hosp
17,1,0.99,608.5709198725136,2024-03-09,2024-02-24,quantile,wk inc flu hosp
18,1,0.99,579.9994489331352,2024-03-09,2024-02-24,quantile,wk inc flu hosp
19,1,0.99,334.76791033747406,2024-03-09,2024-02-24,quantile,wk inc flu hosp
20,1,0.99,369.09765773204754,2024-03-09,2024-02-24,quantile,wk inc flu hosp
21,1,0.99,625.7214197907673,2024-03-09,2024-02-24,quantile,wk inc flu hosp
22,1,0.99,228.57661480291702,2024-03-09,2024-02-24,quantile,wk inc flu hosp
23,1,0.99,269.6167355854098,2024-03-09,2024-02-24,quantile,wk inc flu hosp
24,1,0.99,252.36960310726266,2024-03-09,2024-02-24,quantile,wk inc flu hosp
25,1,0.99,944.2978509246432,2024-03-09,2024-02-24,quantile,wk inc flu hosp
26,1,0.99,1607.2413354252944,2024-03-09,2024-02-24,quantile,wk inc flu hosp
27,1,0.99,320.2276903472583,2024-03-09,2024-02-24,quantile,wk inc flu hosp
28,1,0.99,205.60235173430186,2024-03-09,2024-02-24,quantile,wk inc flu hosp
29,1,0.99,644.1271826634171,2024-03-09,2024-02-24,quantile,wk inc flu hosp
30,1,0.99,43.17200229481062,2024-03-09,2024-02-24,quantile,wk inc flu hosp
31,1,0.99,146.00882174318946,2024-03-09,2024-02-24,quantile,wk inc flu hosp
32,1,0.99,154.73089773063523,2024-03-09,2024-02-24,quantile,wk inc flu hosp
33,1,0.99,135.82727636089356,2024-03-09,2024-02-24,quantile,wk inc flu hosp
34,1,0.99,830.4762642738132,2024-03-09,2024-02-24,quantile,wk inc flu hosp
35,1,0.99,202.1501500801672,2024-03-09,2024-02-24,quantile,wk inc flu hosp
36,1,0.99,1221.717545402445,2024-03-09,2024-02-24,quantile,wk inc flu hosp
37,1,0.99,491.4265751010548,2024-03-09,2024-02-24,quantile,wk inc flu hosp
38,1,0.99,103.99960541592039,2024-03-09,2024-02-24,quantile,wk inc flu hosp
39,1,0.99,885.7890216266876,2024-03-09,2024-02-24,quantile,wk inc flu hosp
40,1,0.99,653.8071066947364,2024-03-09,2024-02-24,quantile,wk inc flu hosp
41,1,0.99,174.66250330879967,2024-03-09,2024-02-24,quantile,wk inc flu hosp
42,1,0.99,1083.0734292781044,2024-03-09,2024-02-24,quantile,wk inc flu hosp
44,1,0.99,113.31898884586735,2024-03-09,2024-02-24,quantile,wk inc flu hosp
45,1,0.99,320.7826274718415,2024-03-09,2024-02-24,quantile,wk inc flu hosp
46,1,0.99,150.57867503764513,2024-03-09,2024-02-24,quantile,wk inc flu hosp
47,1,0.99,397.3555493380887,2024-03-09,2024-02-24,quantile,wk inc flu hosp
48,1,0.99,1112.7005572613034,2024-03-09,2024-02-24,quantile,wk inc flu hosp
49,1,0.99,74.11255469835535,2024-03-09,2024-02-24,quantile,wk inc flu hosp
50,1,0.99,68.14798841270313,2024-03-09,2024-02-24,quantile,wk inc flu hosp
51,1,0.99,526.2639623570869,2024-03-09,2024-02-24,quantile,wk inc flu hosp
53,1,0.99,234.15301505387527,2024-03-09,2024-02-24,quantile,wk inc flu hosp
54,1,0.99,466.73901156412336,2024-03-09,2024-02-24,quantile,wk inc flu hosp
55,1,0.99,407.06086230195405,2024-03-09,2024-02-24,quantile,wk inc flu hosp
56,1,0.99,191.565698091174,2024-03-09,2024-02-24,quantile,wk inc flu hosp
72,1,0.99,171.62490023624795,2024-03-09,2024-02-24,quantile,wk inc flu hosp
US,1,0.99,16557.576353966673,2024-03-09,2024-02-24,quantile,wk inc flu hosp
01,2,0.01,3.0912443555845637,2024-03-16,2024-02-24,quantile,wk inc flu hosp
02,2,0.01,0.0,2024-03-16,2024-02-24,quantile,wk inc flu hosp
04,2,0.01,0.0,2024-03-16,2024-02-24,quantile,wk inc flu hosp
05,2,0.01,25.711859205792518,2024-03-16,2024-02-24,quantile,wk inc flu hosp
06,2,0.01,0.0,2024-03-16,2024-02-24,quantile,wk inc flu hosp
08,2,0.01,0.7549033314453867,2024-03-16,2024-02-24,quantile,wk inc flu hosp
09,2,0.01,0.9081446096447628,2024-03-16,2024-02-24,quantile,wk inc flu hosp
10,2,0.01,0.0,2024-03-16,2024-02-24,quantile,wk inc flu hosp
11,2,0.01,0.0,2024-03-16,2024-02-24,quantile,wk inc flu hosp
12,2,0.01,125.78829826132072,2024-03-16,2024-02-24,quantile,wk inc flu hosp
13,2,0.01,0.0,2024-03-16,2024-02-24,quantile,wk inc flu hosp
15,2,0.01,0.0,2024-03-16,2024-02-24,quantile,wk inc flu hosp
16,2,0.01,0.0,2024-03-16,2024-02-24,quantile,wk inc flu hosp
17,2,0.01,24.87543029760274,2024-03-16,2024-02-24,quantile,wk inc flu hosp
18,2,0.01,58.47571714654383,2024-03-16,2024-02-24,quantile,wk inc flu hosp
19,2,0.01,10.355109770879347,2024-03-16,2024-02-24,quantile,wk inc flu hosp
20,2,0.01,21.071614208549317,2024-03-16,2024-02-24,quantile,wk inc flu hosp
21,2,0.01,18.930864809035082,2024-03-16,2024-02-24,quantile,wk inc flu hosp
22,2,0.01,0.0,2024-03-16,2024-02-24,quantile,wk inc flu hosp
23,2,0.01,6.766648117353916,2024-03-16,2024-02-24,quantile,wk inc flu hosp
24,2,0.01,8.083994807102485,2024-03-16,2024-02-24,quantile,wk inc flu hosp
25,2,0.01,119.83642119436877,2024-03-16,2024-02-24,quantile,wk inc flu hosp
26,2,0.01,182.34893353194323,2024-03-16,2024-02-24,quantile,wk inc flu hosp
27,2,0.01,33.396762299734974,2024-03-16,2024-02-24,quantile,wk inc flu hosp
28,2,0.01,0.0,2024-03-16,2024-02-24,quantile,wk inc flu hosp
29,2,0.01,47.425563188682105,2024-03-16,2024-02-24,quantile,wk inc flu hosp
30,2,0.01,0.0,2024-03-16,2024-02-24,quantile,wk inc flu hosp
31,2,0.01,0.3866972093826341,2024-03-16,2024-02-24,quantile,wk inc flu hosp
32,2,0.01,0.0,2024-03-16,2024-02-24,quantile,wk inc flu hosp
33,2,0.01,0.0,2024-03-16,2024-02-24,quantile,wk inc flu hosp
34,2,0.01,48.98696885959347,2024-03-16,2024-02-24,quantile,wk inc flu hosp
35,2,0.01,0.8402672720842523,2024-03-16,2024-02-24,quantile,wk inc flu hosp
36,2,0.01,155.08980898373048,2024-03-16,2024-02-24,quantile,wk inc flu hosp
37,2,0.01,6.224284094606436,2024-03-16,2024-02-24,quantile,wk inc flu hosp
38,2,0.01,0.0,2024-03-16,2024-02-24,quantile,wk inc flu hosp
39,2,0.01,86.06444555546587,2024-03-16,2024-02-24,quantile,wk inc flu hosp
40,2,0.01,25.150448963815972,2024-03-16,2024-02-24,quantile,wk inc flu hosp
41,2,0.01,0.0,2024-03-16,2024-02-24,quantile,wk inc flu hosp
42,2,0.01,98.40471976905584,2024-03-16,2024-02-24,quantile,wk inc flu hosp
44,2,0.01,0.0,2024-03-16,2024-02-24,quantile,wk inc flu hosp
45,2,0.01,5.748267830561848,2024-03-16,2024-02-24,quantile,wk inc flu hosp
46,2,0.01,0.0,2024-03-16,2024-02-24,quantile,wk inc flu hosp
47,2,0.01,5.053159745739943,2024-03-16,2024-02-24,quantile,wk inc flu hosp
48,2,0.01,106.32351001255869,2024-03-16,2024-02-24,quantile,wk inc flu hosp
49,2,0.01,0.0,2024-03-16,2024-02-24,quantile,wk inc flu hosp
50,2,0.01,0.0,2024-03-16,2024-02-24,quantile,wk inc flu hosp
51,2,0.01,18.43618267476699,2024-03-16,2024-02-24,quantile,wk inc flu hosp
53,2,0.01,0.0,2024-03-16,2024-02-24,quantile,wk inc flu hosp
54,2,0.01,15.214609199047413,2024-03-16,2024-02-24,quantile,wk inc flu hosp
55,2,0.01,30.493224307014156,2024-03-16,2024-02-24,quantile,wk inc flu hosp
56,2,0.01,0.27830207867118495,2024-03-16,2024-02-24,quantile,wk inc flu hosp
72,2,0.01,1.2858133981156983,2024-03-16,2024-02-24,quantile,wk inc flu hosp
US,2,0.01,2703.3237643473067,2024-03-16,2024-02-24,quantile,wk inc flu hosp
01,2,0.025,14.686462460968693,2024-03-16,2024-02-24,quantile,wk inc flu hosp
02,2,0.025,0.0,2024-03-16,2024-02-24,quantile,wk inc flu hosp
04,2,0.025,0.0,2024-03-16,2024-02-24,quantile,wk inc flu hosp
05,2,0.025,36.688330320365026,2024-03-16,2024-02-24,quantile,wk inc flu hosp
06,2,0.025,0.0,2024-03-16,2024-02-24,quantile,wk inc flu hosp
08,2,0.025,5.328520690061128,2024-03-16,2024-02-24,quantile,wk inc flu hosp
09,2,0.025,6.412453560566055,2024-03-16,2024-02-24,quantile,wk inc flu hosp
10,2,0.025,0.37819578284587574,2024-03-16,2024-02-24,quantile,wk inc flu hosp
11,2,0.025,0.0,2024-03-16,2024-02-24,quantile,wk inc flu hosp
12,2,0.025,160.3038917357168,2024-03-16,2024-02-24,quantile,wk inc flu hosp
13,2,0.025,8.300469173546283,2024-03-16,2024-02-24,quantile,wk inc flu hosp
15,2,0.025,0.0,2024-03-16,2024-02-24,quantile,wk inc flu hosp
16,2,0.025,0.0,2024-03-16,2024-02-24,quantile,wk inc flu hosp
17,2,0.025,42.89682812736735,2024-03-16,2024-02-24,quantile,wk inc flu hosp
18,2,0.025,75.45688261457344,2024-03-16,2024-02-24,quantile,wk inc flu hosp
19,2,0.025,15.496615671073545,2024-03-16,2024-02-24,quantile,wk inc flu hosp
20,2,0.025,31.09991437368669,2024-03-16,2024-02-24,quantile,wk inc flu hosp
21,2,0.025,40.6652478962706,2024-03-16,2024-02-24,quantile,wk inc flu hosp
22,2,0.025,0.0,2024-03-16,2024-02-24,quantile,wk inc flu hosp
23,2,0.025,11.095420095274845,2024-03-16,2024-02-24,quantile,wk inc flu hosp
24,2,0.025,14.138773576940787,2024-03-16,2024-02-24,quantile,wk inc flu hosp
25,2,0.025,142.98190800951903,2024-03-16,2024-02-24,quantile,wk inc flu hosp
26,2,0.025,235.4191430796273,2024-03-16,2024-02-24,quantile,wk inc flu hosp
27,2,0.025,41.68757121518955,2024-03-16,2024-02-24,quantile,wk inc flu hosp
28,2,0.025,1.5240733899805925,2024-03-16,2024-02-24,quantile,wk inc flu hosp
29,2,0.025,64.20248696594717,2024-03-16,2024-02-24,quantile,wk inc flu hosp
30,2,0.025,0.0,2024-03-16,2024-02-24,quantile,wk inc flu hosp
31,2,0.025,4.783067469917354,2024-03-16,2024-02-24,quantile,wk inc flu hosp
32,2,0.025,0.0,2024-03-16,2024-02-24,quantile,wk inc flu hosp
33,2,0.025,1.2108700022328098,2024-03-16,2024-02-24,quantile,wk inc flu hosp
34,2,0.025,66.59790362142355,2024-03-16,2024-02-24,quantile,wk inc flu hosp
35,2,0.025,3.491481230289637,2024-03-16,2024-02-24,quantile,wk inc flu hosp
36,2,0.025,207.45541293550477,2024-03-16,2024-02-24,quantile,wk inc flu hosp
37,2,0.025,14.37498701492363,2024-03-16,2024-02-24,quantile,wk inc flu hosp
38,2,0.025,0.0,2024-03-16,2024-02-24,quantile,wk inc flu hosp
39,2,0.025,115.78523240171688,2024-03-16,2024-02-24,quantile,wk inc flu hosp
40,2,0.025,40.42132750885181,2024-03-16,2024-02-24,quantile,wk inc flu hosp
41,2,0.025,0.0,2024-03-16,2024-02-24,quantile,wk inc flu hosp
42,2,0.025,149.20861725259056,2024-03-16,2024-02-24,quantile,wk inc flu hosp
44,2,0.025,0.0,2024-03-16,2024-02-24,quantile,wk inc flu hosp
45,2,0.025,16.560192879489932,2024-03-16,2024-02-24,quantile,wk inc flu hosp
46,2,0.025,0.0,2024-03-16,2024-02-24,quantile,wk inc flu hosp
47,2,0.025,19.121912156040842,2024-03-16,2024-02-24,quantile,wk inc flu hosp
48,2,0.025,152.16615110238283,2024-03-16,2024-02-24,quantile,wk inc flu hosp
49,2,0.025,0.0,2024-03-16,2024-02-24,quantile,wk inc flu hosp
50,2,0.025,0.0,2024-03-16,2024-02-24,quantile,wk inc flu hosp
51,2,0.025,27.671354548673392,2024-03-16,2024-02-24,quantile,wk inc flu hosp
53,2,0.025,0.0,2024-03-16,2024-02-24,quantile,wk inc flu hosp
54,2,0.025,25.39191668775647,2024-03-16,2024-02-24,quantile,wk inc flu hosp
55,2,0.025,44.2236141943384,2024-03-16,2024-02-24,quantile,wk inc flu hosp
56,2,0.025,1.6204570111396472,2024-03-16,2024-02-24,quantile,wk inc flu hosp
72,2,0.025,4.7136142898223845,2024-03-16,2024-02-24,quantile,wk inc flu hosp
US,2,0.025,3303.0954417177754,2024-03-16,2024-02-24,quantile,wk inc flu hosp
01,2,0.05,24.82765209945783,2024-03-16,2024-02-24,quantile,wk inc flu hosp
02,2,0.05,0.0,2024-03-16,2024-02-24,quantile,wk inc flu hosp
04,2,0.05,0.0,2024-03-16,2024-02-24,quantile,wk inc flu hosp
05,2,0.05,47.40525171954238,2024-03-16,2024-02-24,quantile,wk inc flu hosp
06,2,0.05,0.0,2024-03-16,2024-02-24,quantile,wk inc flu hosp
08,2,0.05,11.501662997856878,2024-03-16,2024-02-24,quantile,wk inc flu hosp
09,2,0.05,11.644249584203179,2024-03-16,2024-02-24,quantile,wk inc flu hosp
10,2,0.05,2.4351809504558535,2024-03-16,2024-02-24,quantile,wk inc flu hosp
11,2,0.05,0.546538574028465,2024-03-16,2024-02-24,quantile,wk inc flu hosp
12,2,0.05,190.6956299501344,2024-03-16,2024-02-24,quantile,wk inc flu hosp
13,2,0.05,18.497423443537212,2024-03-16,2024-02-24,quantile,wk inc flu hosp
15,2,0.05,0.0,2024-03-16,2024-02-24,quantile,wk inc flu hosp
16,2,0.05,1.6360414203581295,2024-03-16,2024-02-24,quantile,wk inc flu hosp
17,2,0.05,62.89077923218167,2024-03-16,2024-02-24,quantile,wk inc flu hosp
18,2,0.05,92.08612527616326,2024-03-16,2024-02-24,quantile,wk inc flu hosp
19,2,0.05,22.203203241952373,2024-03-16,2024-02-24,quantile,wk inc flu hosp
20,2,0.05,43.7747587395253,2024-03-16,2024-02-24,quantile,wk inc flu hosp
21,2,0.05,62.87004426781028,2024-03-16,2024-02-24,quantile,wk inc flu hosp
22,2,0.05,4.994739799401756,2024-03-16,2024-02-24,quantile,wk inc flu hosp
23,2,0.05,15.986660536455876,2024-03-16,2024-02-24,quantile,wk inc flu hosp
24,2,0.05,25.012696144238213,2024-03-16,2024-02-24,quantile,wk inc flu hosp
25,2,0.05,174.72333359463758,2024-03-16,2024-02-24,quantile,wk inc flu hosp
26,2,0.05,283.4885799347636,2024-03-16,2024-02-24,quantile,wk inc flu hosp
27,2,0.05,51.052427528914194,2024-03-16,2024-02-24,quantile,wk inc flu hosp
28,2,0.05,5.9996889307117245,2024-03-16,2024-02-24,quantile,wk inc flu hosp
29,2,0.05,85.07726501193854,2024-03-16,2024-02-24,quantile,wk inc flu hosp
30,2,0.05,0.0,2024-03-16,2024-02-24,quantile,wk inc flu hosp
31,2,0.05,8.482027853175161,2024-03-16,2024-02-24,quantile,wk inc flu hosp
32,2,0.05,3.3033167442743085,2024-03-16,2024-02-24,quantile,wk inc flu hosp
33,2,0.05,3.3532496663414517,2024-03-16,2024-02-24,quantile,wk inc flu hosp
34,2,0.05,94.67523523032874,2024-03-16,2024-02-24,quantile,wk inc flu hosp
35,2,0.05,8.283273312332074,2024-03-16,2024-02-24,quantile,wk inc flu hosp
36,2,0.05,252.80319912573643,2024-03-16,2024-02-24,quantile,wk inc flu hosp
37,2,0.05,24.505513886876518,2024-03-16,2024-02-24,quantile,wk inc flu hosp
38,2,0.05,0.0,2024-03-16,2024-02-24,quantile,wk inc flu hosp
39,2,0.05,147.41894707502055,2024-03-16,2024-02-24,quantile,wk inc flu hosp
40,2,0.05,55.019839085400655,2024-03-16,2024-02-24,quantile,wk inc flu hosp
41,2,0.05,0.0,2024-03-16,2024-02-24,quantile,wk inc flu hosp
42,2,0.05,193.14478552203212,2024-03-16,2024-02-24,quantile,wk inc flu hosp
44,2,0.05,1.3625463630397234,2024-03-16,2024-02-24,quantile,wk inc flu hosp
45,2,0.05,23.64166238327493,2024-03-16,2024-02-24,quantile,wk inc flu hosp
46,2,0.05,1.249644661033025,2024-03-16,2024-02-24,quantile,wk inc flu hosp
47,2,0.05,33.31385852441494,2024-03-16,2024-02-24,quantile,wk inc flu hosp
48,2,0.05,192.3142864996693,2024-03-16,2024-02-24,quantile,wk inc flu hosp
49,2,0.05,0.0,2024-03-16,2024-02-24,quantile,wk inc flu hosp
50,2,0.05,0.0,2024-03-16,2024-02-24,quantile,wk inc flu hosp
51,2,0.05,42.32980620714578,2024-03-16,2024-02-24,quantile,wk inc flu hosp
53,2,0.05,0.0,2024-03-16,2024-02-24,quantile,wk inc flu hosp
54,2,0.05,37.837192807021154,2024-03-16,2024-02-24,quantile,wk inc flu hosp
55,2,0.05,53.10943472619016,2024-03-16,2024-02-24,quantile,wk inc flu hosp
56,2,0.05,3.781442032906765,2024-03-16,2024-02-24,quantile,wk inc flu hosp
72,2,0.05,8.448458020972712,2024-03-16,2024-02-24,quantile,wk inc flu hosp
US,2,0.05,3829.1921718839935,2024-03-16,2024-02-24,quantile,wk inc flu hosp
01,2,0.1,39.150361197587344,2024-03-16,2024-02-24,quantile,wk inc flu hosp
02,2,0.1,0.0,2024-03-16,2024-02-24,quantile,wk inc flu hosp
04,2,0.1,9.184181099249532,2024-03-16,2024-02-24,quantile,wk inc flu hosp
05,2,0.1,58.84435848619808,2024-03-16,2024-02-24,quantile,wk inc flu hosp
06,2,0.1,34.353813796560665,2024-03-16,2024-02-24,quantile,wk inc flu hosp
08,2,0.1,21.14426900611346,2024-03-16,2024-02-24,quantile,wk inc flu hosp
09,2,0.1,22.326369854019386,2024-03-16,2024-02-24,quantile,wk inc flu hosp
10,2,0.1,5.297934010921223,2024-03-16,2024-02-24,quantile,wk inc flu hosp
11,2,0.1,2.2955000223877318,2024-03-16,2024-02-24,quantile,wk inc flu hosp
12,2,0.1,244.58782532352816,2024-03-16,2024-02-24,quantile,wk inc flu hosp
13,2,0.1,33.389537155623536,2024-03-16,2024-02-24,quantile,wk inc flu hosp
15,2,0.1,0.0,2024-03-16,2024-02-24,quantile,wk inc flu hosp
16,2,0.1,6.116799740339316,2024-03-16,2024-02-24,quantile,wk inc flu hosp
17,2,0.1,87.30023085497598,2024-03-16,2024-02-24,quantile,wk inc flu hosp
18,2,0.1,116.92252906793546,2024-03-16,2024-02-24,quantile,wk inc flu hosp
19,2,0.1,31.414156329189762,2024-03-16,2024-02-24,quantile,wk inc flu hosp
20,2,0.1,57.54340400449745,2024-03-16,2024-02-24,quantile,wk inc flu hosp
21,2,0.1,82.15419895205427,2024-03-16,2024-02-24,quantile,wk inc flu hosp
22,2,0.1,12.247370857644215,2024-03-16,2024-02-24,quantile,wk inc flu hosp
23,2,0.1,22.714357717851016,2024-03-16,2024-02-24,quantile,wk inc flu hosp
24,2,0.1,36.54642662410178,2024-03-16,2024-02-24,quantile,wk inc flu hosp
25,2,0.1,208.07467623142955,2024-03-16,2024-02-24,quantile,wk inc flu hosp
26,2,0.1,331.6023473761751,2024-03-16,2024-02-24,quantile,wk inc flu hosp
27,2,0.1,62.412006784022786,2024-03-16,2024-02-24,quantile,wk inc flu hosp
28,2,0.1,11.006085586890478,2024-03-16,2024-02-24,quantile,wk inc flu hosp
29,2,0.1,115.41485812055976,2024-03-16,2024-02-24,quantile,wk inc flu hosp
30,2,0.1,0.0,2024-03-16,2024-02-24,quantile,wk inc flu hosp
31,2,0.1,12.938624066347181,2024-03-16,2024-02-24,quantile,wk inc flu hosp
32,2,0.1,10.529139882199246,2024-03-16,2024-02-24,quantile,wk inc flu hosp
33,2,0.1,7.279944007731138,2024-03-16,2024-02-24,quantile,wk inc flu hosp
34,2,0.1,118.8023810347516,2024-03-16,2024-02-24,quantile,wk inc flu hosp
35,2,0.1,14.302029971504966,2024-03-16,2024-02-24,quantile,wk inc flu hosp
36,2,0.1,317.05892426212864,2024-03-16,2024-02-24,quantile,wk inc flu hosp
37,2,0.1,40.14185812429099,2024-03-16,2024-02-24,quantile,wk inc flu hosp
38,2,0.1,1.1475638162916926,2024-03-16,2024-02-24,quantile,wk inc flu hosp
39,2,0.1,187.06222135994145,2024-03-16,2024-02-24,quantile,wk inc flu hosp
40,2,0.1,77.05113899567151,2024-03-16,2024-02-24,quantile,wk inc flu hosp
41,2,0.1,4.567083310262302,2024-03-16,2024-02-24,quantile,wk inc flu hosp
42,2,0.1,226.81182634516475,2024-03-16,2024-02-24,quantile,wk inc flu hosp
44,2,0.1,4.0736114124065095,2024-03-16,2024-02-24,quantile,wk inc flu hosp
45,2,0.1,35.727143063532935,2024-03-16,2024-02-24,quantile,wk inc flu hosp
46,2,0.1,3.5166812686603435,2024-03-16,2024-02-24,quantile,wk inc flu hosp
47,2,0.1,45.93076921907535,2024-03-16,2024-02-24,quantile,wk inc flu hosp
48,2,0.1,264.6250366273486,2024-03-16,2024-02-24,quantile,wk inc flu hosp
49,2,0.1,0.0,2024-03-16,2024-02-24,quantile,wk inc flu hosp
50,2,0.1,1.4250014578459043,2024-03-16,2024-02-24,quantile,wk inc flu hosp
51,2,0.1,62.86463509436226,2024-03-16,2024-02-24,quantile,wk inc flu hosp
53,2,0.1,5.268883936196746,2024-03-16,2024-02-24,quantile,wk inc flu hosp
54,2,0.1,50.942136818418724,2024-03-16,2024-02-24,quantile,wk inc flu hosp
55,2,0.1,71.2609070169552,2024-03-16,2024-02-24,quantile,wk inc flu hosp
56,2,0.1,6.946327837974543,2024-03-16,2024-02-24,quantile,wk inc flu hosp
72,2,0.1,16.111759263224464,2024-03-16,2024-02-24,quantile,wk inc flu hosp
US,2,0.1,4470.21100806132,2024-03-16,2024-02-24,quantile,wk inc flu hosp
01,2,0.15,48.535996491908186,2024-03-16,2024-02-24,quantile,wk inc flu hosp
02,2,0.15,0.0,2024-03-16,2024-02-24,quantile,wk inc flu hosp
04,2,0.15,18.887647476375577,2024-03-16,2024-02-24,quantile,wk inc flu hosp
05,2,0.15,68.94531863575246,2024-03-16,2024-02-24,quantile,wk inc flu hosp
06,2,0.15,60.433936883410595,2024-03-16,2024-02-24,quantile,wk inc flu hosp
08,2,0.15,29.732397753362903,2024-03-16,2024-02-24,quantile,wk inc flu hosp
09,2,0.15,31.138450837476285,2024-03-16,2024-02-24,quantile,wk inc flu hosp
10,2,0.15,8.021017075493281,2024-03-16,2024-02-24,quantile,wk inc flu hosp
11,2,0.15,4.271220139187925,2024-03-16,2024-02-24,quantile,wk inc flu hosp
12,2,0.15,277.737933523029,2024-03-16,2024-02-24,quantile,wk inc flu hosp
13,2,0.15,44.708532341735186,2024-03-16,2024-02-24,quantile,wk inc flu hosp
15,2,0.15,0.0,2024-03-16,2024-02-24,quantile,wk inc flu hosp
16,2,0.15,10.687358200878657,2024-03-16,2024-02-24,quantile,wk inc flu hosp
17,2,0.15,109.5123043997728,2024-03-16,2024-02-24,quantile,wk inc flu hosp
18,2,0.15,137.31505063445303,2024-03-16,2024-02-24,quantile,wk inc flu hosp
19,2,0.15,40.48563483778456,2024-03-16,2024-02-24,quantile,wk inc flu hosp
20,2,0.15,67.0976942591839,2024-03-16,2024-02-24,quantile,wk inc flu hosp
21,2,0.15,103.39976576004706,2024-03-16,2024-02-24,quantile,wk inc flu hosp
22,2,0.15,18.72307840890273,2024-03-16,2024-02-24,quantile,wk inc flu hosp
23,2,0.15,30.10690126239408,2024-03-16,2024-02-24,quantile,wk inc flu hosp
24,2,0.15,46.532701961674796,2024-03-16,2024-02-24,quantile,wk inc flu hosp
25,2,0.15,237.25680987622633,2024-03-16,2024-02-24,quantile,wk inc flu hosp
26,2,0.15,385.2737250373686,2024-03-16,2024-02-24,quantile,wk inc flu hosp
27,2,0.15,74.00748862091598,2024-03-16,2024-02-24,quantile,wk inc flu hosp
28,2,0.15,16.378390170003023,2024-03-16,2024-02-24,quantile,wk inc flu hosp
29,2,0.15,137.38787426573887,2024-03-16,2024-02-24,quantile,wk inc flu hosp
30,2,0.15,0.0,2024-03-16,2024-02-24,quantile,wk inc flu hosp
31,2,0.15,17.77641009071541,2024-03-16,2024-02-24,quantile,wk inc flu hosp
32,2,0.15,15.466175982806948,2024-03-16,2024-02-24,quantile,wk inc flu hosp
33,2,0.15,10.87576492994073,2024-03-16,2024-02-24,quantile,wk inc flu hosp
34,2,0.15,146.30577302419823,2024-03-16,2024-02-24,quantile,wk inc flu hosp
35,2,0.15,19.835806055999882,2024-03-16,2024-02-24,quantile,wk inc flu hosp
36,2,0.15,349.36070159613416,2024-03-16,2024-02-24,quantile,wk inc flu hosp
37,2,0.15,54.676071770720455,2024-03-16,2024-02-24,quantile,wk inc flu hosp
38,2,0.15,2.66544253372097,2024-03-16,2024-02-24,quantile,wk inc flu hosp
39,2,0.15,214.07990857397434,2024-03-16,2024-02-24,quantile,wk inc flu hosp
40,2,0.15,91.99127888335148,2024-03-16,2024-02-24,quantile,wk inc flu hosp
41,2,0.15,8.673519988701226,2024-03-16,2024-02-24,quantile,wk inc flu hosp
42,2,0.15,259.36481031520765,2024-03-16,2024-02-24,quantile,wk inc flu hosp
44,2,0.15,6.600884345906655,2024-03-16,2024-02-24,quantile,wk inc flu hosp
45,2,0.15,44.288013902975806,2024-03-16,2024-02-24,quantile,wk inc flu hosp
46,2,0.15,6.412602494385356,2024-03-16,2024-02-24,quantile,wk inc flu hosp
47,2,0.15,57.584152966561,2024-03-16,2024-02-24,quantile,wk inc flu hosp
48,2,0.15,294.34503022040496,2024-03-16,2024-02-24,quantile,wk inc flu hosp
49,2,0.15,0.0,2024-03-16,2024-02-24,quantile,wk inc flu hosp
50,2,0.15,2.415219849954112,2024-03-16,2024-02-24,quantile,wk inc flu hosp
51,2,0.15,78.76741679190124,2024-03-16,2024-02-24,quantile,wk inc flu hosp
53,2,0.15,11.020573909859738,2024-03-16,2024-02-24,quantile,wk inc flu hosp
54,2,0.15,64.92783201107503,2024-03-16,2024-02-24,quantile,wk inc flu hosp
55,2,0.15,85.30342667264657,2024-03-16,2024-02-24,quantile,wk inc flu hosp
56,2,0.15,10.060936270990586,2024-03-16,2024-02-24,quantile,wk inc flu hosp
72,2,0.15,22.89689348908565,2024-03-16,2024-02-24,quantile,wk inc flu hosp
US,2,0.15,5017.332580201095,2024-03-16,2024-02-24,quantile,wk inc flu hosp
01,2,0.2,58.028692890008784,2024-03-16,2024-02-24,quantile,wk inc flu hosp
02,2,0.2,0.0,2024-03-16,2024-02-24,quantile,wk inc flu hosp
04,2,0.2,26.753374319747977,2024-03-16,2024-02-24,quantile,wk inc flu hosp
05,2,0.2,80.82516949344955,2024-03-16,2024-02-24,quantile,wk inc flu hosp
06,2,0.2,84.20998466537027,2024-03-16,2024-02-24,quantile,wk inc flu hosp
08,2,0.2,36.60871813782892,2024-03-16,2024-02-24,quantile,wk inc flu hosp
09,2,0.2,37.84082138529064,2024-03-16,2024-02-24,quantile,wk inc flu hosp
10,2,0.2,11.499863150480383,2024-03-16,2024-02-24,quantile,wk inc flu hosp
11,2,0.2,5.936773184584841,2024-03-16,2024-02-24,quantile,wk inc flu hosp
12,2,0.2,309.032177615777,2024-03-16,2024-02-24,quantile,wk inc flu hosp
13,2,0.2,54.58372412300805,2024-03-16,2024-02-24,quantile,wk inc flu hosp
15,2,0.2,0.0,2024-03-16,2024-02-24,quantile,wk inc flu hosp
16,2,0.2,14.462529849043431,2024-03-16,2024-02-24,quantile,wk inc flu hosp
17,2,0.2,125.02273368765985,2024-03-16,2024-02-24,quantile,wk inc flu hosp
18,2,0.2,152.81413841884904,2024-03-16,2024-02-24,quantile,wk inc flu hosp
19,2,0.2,51.44830553893031,2024-03-16,2024-02-24,quantile,wk inc flu hosp
20,2,0.2,75.58855027321252,2024-03-16,2024-02-24,quantile,wk inc flu hosp
21,2,0.2,120.9059292133624,2024-03-16,2024-02-24,quantile,wk inc flu hosp
22,2,0.2,24.00198391384042,2024-03-16,2024-02-24,quantile,wk inc flu hosp
23,2,0.2,36.32873829494798,2024-03-16,2024-02-24,quantile,wk inc flu hosp
24,2,0.2,53.73936050066786,2024-03-16,2024-02-24,quantile,wk inc flu hosp
25,2,0.2,270.1446272550017,2024-03-16,2024-02-24,quantile,wk inc flu hosp
26,2,0.2,438.3560991455653,2024-03-16,2024-02-24,quantile,wk inc flu hosp
27,2,0.2,85.26223596109831,2024-03-16,2024-02-24,quantile,wk inc flu hosp
28,2,0.2,21.495807502244116,2024-03-16,2024-02-24,quantile,wk inc flu hosp
29,2,0.2,154.0325206439899,2024-03-16,2024-02-24,quantile,wk inc flu hosp
30,2,0.2,0.0,2024-03-16,2024-02-24,quantile,wk inc flu hosp
31,2,0.2,21.053188965104198,2024-03-16,2024-02-24,quantile,wk inc flu hosp
32,2,0.2,20.80127759843193,2024-03-16,2024-02-24,quantile,wk inc flu hosp
33,2,0.2,14.046920841026314,2024-03-16,2024-02-24,quantile,wk inc flu hosp
34,2,0.2,162.92125150354963,2024-03-16,2024-02-24,quantile,wk inc flu hosp
35,2,0.2,25.578838992354385,2024-03-16,2024-02-24,quantile,wk inc flu hosp
36,2,0.2,380.9729678967259,2024-03-16,2024-02-24,quantile,wk inc flu hosp
37,2,0.2,65.61358750644912,2024-03-16,2024-02-24,quantile,wk inc flu hosp
38,2,0.2,4.1715013951640305,2024-03-16,2024-02-24,quantile,wk inc flu hosp
39,2,0.2,238.61606519217142,2024-03-16,2024-02-24,quantile,wk inc flu hosp
40,2,0.2,110.40120622530856,2024-03-16,2024-02-24,quantile,wk inc flu hosp
41,2,0.2,13.817162595051334,2024-03-16,2024-02-24,quantile,wk inc flu hosp
42,2,0.2,287.56161749954737,2024-03-16,2024-02-24,quantile,wk inc flu hosp
44,2,0.2,8.87628263870958,2024-03-16,2024-02-24,quantile,wk inc flu hosp
45,2,0.2,55.69375490162598,2024-03-16,2024-02-24,quantile,wk inc flu hosp
46,2,0.2,8.7986377333205,2024-03-16,2024-02-24,quantile,wk inc flu hosp
47,2,0.2,68.62502023680744,2024-03-16,2024-02-24,quantile,wk inc flu hosp
48,2,0.2,325.185739877436,2024-03-16,2024-02-24,quantile,wk inc flu hosp
49,2,0.2,2.257708510365425,2024-03-16,2024-02-24,quantile,wk inc flu hosp
50,2,0.2,3.7347803589881154,2024-03-16,2024-02-24,quantile,wk inc flu hosp
51,2,0.2,92.70635533845417,2024-03-16,2024-02-24,quantile,wk inc flu hosp
53,2,0.2,16.59407307620978,2024-03-16,2024-02-24,quantile,wk inc flu hosp
54,2,0.2,76.3179045365856,2024-03-16,2024-02-24,quantile,wk inc flu hosp
55,2,0.2,96.14254341286735,2024-03-16,2024-02-24,quantile,wk inc flu hosp
56,2,0.2,13.323250578000186,2024-03-16,2024-02-24,quantile,wk inc flu hosp
72,2,0.2,27.84979497524858,2024-03-16,2024-02-24,quantile,wk inc flu hosp
US,2,0.2,5621.475618307016,2024-03-16,2024-02-24,quantile,wk inc flu hosp
01,2,0.25,67.90507214415848,2024-03-16,2024-02-24,quantile,wk inc flu hosp
02,2,0.25,0.0,2024-03-16,2024-02-24,quantile,wk inc flu hosp
04,2,0.25,35.91530512372196,2024-03-16,2024-02-24,quantile,wk inc flu hosp
05,2,0.25,87.15395792621982,2024-03-16,2024-02-24,quantile,wk inc flu hosp
06,2,0.25,105.97689662910199,2024-03-16,2024-02-24,quantile,wk inc flu hosp
08,2,0.25,44.964545034667246,2024-03-16,2024-02-24,quantile,wk inc flu hosp
09,2,0.25,45.64821911859986,2024-03-16,2024-02-24,quantile,wk inc flu hosp
10,2,0.25,14.405830084385244,2024-03-16,2024-02-24,quantile,wk inc flu hosp
11,2,0.25,7.751324164427059,2024-03-16,2024-02-24,quantile,wk inc flu hosp
12,2,0.25,334.1042585320328,2024-03-16,2024-02-24,quantile,wk inc flu hosp
13,2,0.25,65.09320071303524,2024-03-16,2024-02-24,quantile,wk inc flu hosp
15,2,0.25,0.12112947031788947,2024-03-16,2024-02-24,quantile,wk inc flu hosp
16,2,0.25,18.23274772525649,2024-03-16,2024-02-24,quantile,wk inc flu hosp
17,2,0.25,139.37878012654835,2024-03-16,2024-02-24,quantile,wk inc flu hosp
18,2,0.25,165.72070291388619,2024-03-16,2024-02-24,quantile,wk inc flu hosp
19,2,0.25,58.363227483628755,2024-03-16,2024-02-24,quantile,wk inc flu hosp
20,2,0.25,86.66209857685816,2024-03-16,2024-02-24,quantile,wk inc flu hosp
21,2,0.25,137.27371139064158,2024-03-16,2024-02-24,quantile,wk inc flu hosp
22,2,0.25,29.26756287824659,2024-03-16,2024-02-24,quantile,wk inc flu hosp
23,2,0.25,41.753499876478266,2024-03-16,2024-02-24,quantile,wk inc flu hosp
24,2,0.25,60.10547435903674,2024-03-16,2024-02-24,quantile,wk inc flu hosp
25,2,0.25,289.37155215479055,2024-03-16,2024-02-24,quantile,wk inc flu hosp
26,2,0.25,482.7280703330557,2024-03-16,2024-02-24,quantile,wk inc flu hosp
27,2,0.25,92.6573011722596,2024-03-16,2024-02-24,quantile,wk inc flu hosp
28,2,0.25,26.17336083236055,2024-03-16,2024-02-24,quantile,wk inc flu hosp
29,2,0.25,170.28764536727607,2024-03-16,2024-02-24,quantile,wk inc flu hosp
30,2,0.25,0.0,2024-03-16,2024-02-24,quantile,wk inc flu hosp
31,2,0.25,24.19297836951245,2024-03-16,2024-02-24,quantile,wk inc flu hosp
32,2,0.25,25.12072326898392,2024-03-16,2024-02-24,quantile,wk inc flu hosp
33,2,0.25,16.291851908551102,2024-03-16,2024-02-24,quantile,wk inc flu hosp
34,2,0.25,182.30732046140446,2024-03-16,2024-02-24,quantile,wk inc flu hosp
35,2,0.25,30.371181023819986,2024-03-16,2024-02-24,quantile,wk inc flu hosp
36,2,0.25,410.5225509474578,2024-03-16,2024-02-24,quantile,wk inc flu hosp
37,2,0.25,76.65312251530081,2024-03-16,2024-02-24,quantile,wk inc flu hosp
38,2,0.25,5.803052785184036,2024-03-16,2024-02-24,quantile,wk inc flu hosp
39,2,0.25,260.2518251673232,2024-03-16,2024-02-24,quantile,wk inc flu hosp
40,2,0.25,128.59607864586056,2024-03-16,2024-02-24,quantile,wk inc flu hosp
41,2,0.25,18.261347947057445,2024-03-16,2024-02-24,quantile,wk inc flu hosp
42,2,0.25,324.90918170235864,2024-03-16,2024-02-24,quantile,wk inc flu hosp
44,2,0.25,11.53188509436505,2024-03-16,2024-02-24,quantile,wk inc flu hosp
45,2,0.25,63.21531457024597,2024-03-16,2024-02-24,quantile,wk inc flu hosp
46,2,0.25,10.824621878208655,2024-03-16,2024-02-24,quantile,wk inc flu hosp
47,2,0.25,78.96154449594187,2024-03-16,2024-02-24,quantile,wk inc flu hosp
48,2,0.25,357.30983748386296,2024-03-16,2024-02-24,quantile,wk inc flu hosp
49,2,0.25,4.045752760784908,2024-03-16,2024-02-24,quantile,wk inc flu hosp
50,2,0.25,5.168894333582537,2024-03-16,2024-02-24,quantile,wk inc flu hosp
51,2,0.25,105.98391240875091,2024-03-16,2024-02-24,quantile,wk inc flu hosp
53,2,0.25,22.404702717333166,2024-03-16,2024-02-24,quantile,wk inc flu hosp
54,2,0.25,87.35480820105046,2024-03-16,2024-02-24,quantile,wk inc flu hosp
55,2,0.25,109.40601681833718,2024-03-16,2024-02-24,quantile,wk inc flu hosp
56,2,0.25,16.22330164848737,2024-03-16,2024-02-24,quantile,wk inc flu hosp
72,2,0.25,31.985352241015853,2024-03-16,2024-02-24,quantile,wk inc flu hosp
US,2,0.25,5987.752586318795,2024-03-16,2024-02-24,quantile,wk inc flu hosp
01,2,0.3,74.85791267310982,2024-03-16,2024-02-24,quantile,wk inc flu hosp
02,2,0.3,0.0,2024-03-16,2024-02-24,quantile,wk inc flu hosp
04,2,0.3,43.905915323129754,2024-03-16,2024-02-24,quantile,wk inc flu hosp
05,2,0.3,94.67083042820357,2024-03-16,2024-02-24,quantile,wk inc flu hosp
06,2,0.3,125.10453227835974,2024-03-16,2024-02-24,quantile,wk inc flu hosp
08,2,0.3,50.49243792458549,2024-03-16,2024-02-24,quantile,wk inc flu hosp
09,2,0.3,53.96017513214901,2024-03-16,2024-02-24,quantile,wk inc flu hosp
10,2,0.3,17.72786563582308,2024-03-16,2024-02-24,quantile,wk inc flu hosp
11,2,0.3,9.85040970051176,2024-03-16,2024-02-24,quantile,wk inc flu hosp
12,2,0.3,365.371199812328,2024-03-16,2024-02-24,quantile,wk inc flu hosp
13,2,0.3,73.99568755250546,2024-03-16,2024-02-24,quantile,wk inc flu hosp
15,2,0.3,1.4328993256606144,2024-03-16,2024-02-24,quantile,wk inc flu hosp
16,2,0.3,22.680806561320463,2024-03-16,2024-02-24,quantile,wk inc flu hosp
17,2,0.3,156.15576363868638,2024-03-16,2024-02-24,quantile,wk inc flu hosp
18,2,0.3,178.1781048500444,2024-03-16,2024-02-24,quantile,wk inc flu hosp
19,2,0.3,66.09812763299962,2024-03-16,2024-02-24,quantile,wk inc flu hosp
20,2,0.3,96.06289091750156,2024-03-16,2024-02-24,quantile,wk inc flu hosp
21,2,0.3,150.81752009425335,2024-03-16,2024-02-24,quantile,wk inc flu hosp
22,2,0.3,34.17605008597539,2024-03-16,2024-02-24,quantile,wk inc flu hosp
23,2,0.3,47.52703650788822,2024-03-16,2024-02-24,quantile,wk inc flu hosp
24,2,0.3,68.12345548454826,2024-03-16,2024-02-24,quantile,wk inc flu hosp
25,2,0.3,311.07622169224345,2024-03-16,2024-02-24,quantile,wk inc flu hosp
26,2,0.3,519.4699715230495,2024-03-16,2024-02-24,quantile,wk inc flu hosp
27,2,0.3,100.27872582157785,2024-03-16,2024-02-24,quantile,wk inc flu hosp
28,2,0.3,31.00692345522088,2024-03-16,2024-02-24,quantile,wk inc flu hosp
29,2,0.3,184.2264551542865,2024-03-16,2024-02-24,quantile,wk inc flu hosp
30,2,0.3,0.0,2024-03-16,2024-02-24,quantile,wk inc flu hosp
31,2,0.3,27.887729539889566,2024-03-16,2024-02-24,quantile,wk inc flu hosp
32,2,0.3,28.930025018136757,2024-03-16,2024-02-24,quantile,wk inc flu hosp
33,2,0.3,19.014581437181636,2024-03-16,2024-02-24,quantile,wk inc flu hosp
34,2,0.3,205.03328954653026,2024-03-16,2024-02-24,quantile,wk inc flu hosp
35,2,0.3,34.818066891053604,2024-03-16,2024-02-24,quantile,wk inc flu hosp
36,2,0.3,439.8099958760252,2024-03-16,2024-02-24,quantile,wk inc flu hosp
37,2,0.3,88.84771463984166,2024-03-16,2024-02-24,quantile,wk inc flu hosp
38,2,0.3,7.8511084881865,2024-03-16,2024-02-24,quantile,wk inc flu hosp
39,2,0.3,282.08244805686076,2024-03-16,2024-02-24,quantile,wk inc flu hosp
40,2,0.3,146.37469275145233,2024-03-16,2024-02-24,quantile,wk inc flu hosp
41,2,0.3,23.166073828300004,2024-03-16,2024-02-24,quantile,wk inc flu hosp
42,2,0.3,358.58753257317426,2024-03-16,2024-02-24,quantile,wk inc flu hosp
44,2,0.3,14.196706698940364,2024-03-16,2024-02-24,quantile,wk inc flu hosp
45,2,0.3,69.74098694161069,2024-03-16,2024-02-24,quantile,wk inc flu hosp
46,2,0.3,13.38015478451282,2024-03-16,2024-02-24,quantile,wk inc flu hosp
47,2,0.3,88.95816231235575,2024-03-16,2024-02-24,quantile,wk inc flu hosp
48,2,0.3,380.2752478083358,2024-03-16,2024-02-24,quantile,wk inc flu hosp
49,2,0.3,5.949300735755485,2024-03-16,2024-02-24,quantile,wk inc flu hosp
50,2,0.3,6.77094445115451,2024-03-16,2024-02-24,quantile,wk inc flu hosp
51,2,0.3,117.69090520438563,2024-03-16,2024-02-24,quantile,wk inc flu hosp
53,2,0.3,27.689333494544503,2024-03-16,2024-02-24,quantile,wk inc flu hosp
54,2,0.3,100.39579947660896,2024-03-16,2024-02-24,quantile,wk inc flu hosp
55,2,0.3,119.55451589059363,2024-03-16,2024-02-24,quantile,wk inc flu hosp
56,2,0.3,21.143863187892627,2024-03-16,2024-02-24,quantile,wk inc flu hosp
72,2,0.3,37.207614709133054,2024-03-16,2024-02-24,quantile,wk inc flu hosp
US,2,0.3,6378.507385496749,2024-03-16,2024-02-24,quantile,wk inc flu hosp
01,2,0.35,86.00971077795306,2024-03-16,2024-02-24,quantile,wk inc flu hosp
02,2,0.35,0.0,2024-03-16,2024-02-24,quantile,wk inc flu hosp
04,2,0.35,52.28171297023823,2024-03-16,2024-02-24,quantile,wk inc flu hosp
05,2,0.35,102.18444486737681,2024-03-16,2024-02-24,quantile,wk inc flu hosp
06,2,0.35,145.5416836524023,2024-03-16,2024-02-24,quantile,wk inc flu hosp
08,2,0.35,55.82920250906494,2024-03-16,2024-02-24,quantile,wk inc flu hosp
09,2,0.35,61.779648144979106,2024-03-16,2024-02-24,quantile,wk inc flu hosp
10,2,0.35,20.51215683923194,2024-03-16,2024-02-24,quantile,wk inc flu hosp
11,2,0.35,11.803402109946393,2024-03-16,2024-02-24,quantile,wk inc flu hosp
12,2,0.35,382.0903836266002,2024-03-16,2024-02-24,quantile,wk inc flu hosp
13,2,0.35,84.02790951012871,2024-03-16,2024-02-24,quantile,wk inc flu hosp
15,2,0.35,2.7632994039378107,2024-03-16,2024-02-24,quantile,wk inc flu hosp
16,2,0.35,26.996938322102444,2024-03-16,2024-02-24,quantile,wk inc flu hosp
17,2,0.35,168.57842228124142,2024-03-16,2024-02-24,quantile,wk inc flu hosp
18,2,0.35,193.4474338786643,2024-03-16,2024-02-24,quantile,wk inc flu hosp
19,2,0.35,74.06223349911248,2024-03-16,2024-02-24,quantile,wk inc flu hosp
20,2,0.35,104.99381419894726,2024-03-16,2024-02-24,quantile,wk inc flu hosp
21,2,0.35,165.390381234747,2024-03-16,2024-02-24,quantile,wk inc flu hosp
22,2,0.35,39.38553814079475,2024-03-16,2024-02-24,quantile,wk inc flu hosp
23,2,0.35,53.700943210102096,2024-03-16,2024-02-24,quantile,wk inc flu hosp
24,2,0.35,73.28638373115317,2024-03-16,2024-02-24,quantile,wk inc flu hosp
25,2,0.35,336.9539538526196,2024-03-16,2024-02-24,quantile,wk inc flu hosp
26,2,0.35,548.4063301576949,2024-03-16,2024-02-24,quantile,wk inc flu hosp
27,2,0.35,106.87441957385579,2024-03-16,2024-02-24,quantile,wk inc flu hosp
28,2,0.35,34.740392941226695,2024-03-16,2024-02-24,quantile,wk inc flu hosp
29,2,0.35,199.22869119281606,2024-03-16,2024-02-24,quantile,wk inc flu hosp
30,2,0.35,0.0,2024-03-16,2024-02-24,quantile,wk inc flu hosp
31,2,0.35,31.334720835825568,2024-03-16,2024-02-24,quantile,wk inc flu hosp
32,2,0.35,32.75306435874471,2024-03-16,2024-02-24,quantile,wk inc flu hosp
33,2,0.35,22.2901452220771,2024-03-16,2024-02-24,quantile,wk inc flu hosp
34,2,0.35,223.30448052786014,2024-03-16,2024-02-24,quantile,wk inc flu hosp
35,2,0.35,40.22057991605727,2024-03-16,2024-02-24,quantile,wk inc flu hosp
36,2,0.35,464.0637324508274,2024-03-16,2024-02-24,quantile,wk inc flu hosp
37,2,0.35,100.82818817196372,2024-03-16,2024-02-24,quantile,wk inc flu hosp
38,2,0.35,10.425123103515412,2024-03-16,2024-02-24,quantile,wk inc flu hosp
39,2,0.35,302.6900649614115,2024-03-16,2024-02-24,quantile,wk inc flu hosp
40,2,0.35,159.36093219424177,2024-03-16,2024-02-24,quantile,wk inc flu hosp
41,2,0.35,26.994802401327927,2024-03-16,2024-02-24,quantile,wk inc flu hosp
42,2,0.35,385.0552306605648,2024-03-16,2024-02-24,quantile,wk inc flu hosp
44,2,0.35,16.9489020072573,2024-03-16,2024-02-24,quantile,wk inc flu hosp
45,2,0.35,78.00483761951905,2024-03-16,2024-02-24,quantile,wk inc flu hosp
46,2,0.35,16.391676493508307,2024-03-16,2024-02-24,quantile,wk inc flu hosp
47,2,0.35,99.63716963770928,2024-03-16,2024-02-24,quantile,wk inc flu hosp
48,2,0.35,401.6277416573643,2024-03-16,2024-02-24,quantile,wk inc flu hosp
49,2,0.35,7.829710784206595,2024-03-16,2024-02-24,quantile,wk inc flu hosp
50,2,0.35,8.130359179324424,2024-03-16,2024-02-24,quantile,wk inc flu hosp
51,2,0.35,129.03424197763115,2024-03-16,2024-02-24,quantile,wk inc flu hosp
53,2,0.35,32.77266262567743,2024-03-16,2024-02-24,quantile,wk inc flu hosp
54,2,0.35,110.2131976922333,2024-03-16,2024-02-24,quantile,wk inc flu hosp
55,2,0.35,128.77307220994453,2024-03-16,2024-02-24,quantile,wk inc flu hosp
56,2,0.35,24.24243582543028,2024-03-16,2024-02-24,quantile,wk inc flu hosp
72,2,0.35,42.63724162079653,2024-03-16,2024-02-24,quantile,wk inc flu hosp
US,2,0.35,6766.158064302975,2024-03-16,2024-02-24,quantile,wk inc flu hosp
01,2,0.4,96.62288976389856,2024-03-16,2024-02-24,quantile,wk inc flu hosp
02,2,0.4,0.0,2024-03-16,2024-02-24,quantile,wk inc flu hosp
04,2,0.4,58.74442431338711,2024-03-16,2024-02-24,quantile,wk inc flu hosp
05,2,0.4,110.96457092879761,2024-03-16,2024-02-24,quantile,wk inc flu hosp
06,2,0.4,163.49074496685296,2024-03-16,2024-02-24,quantile,wk inc flu hosp
08,2,0.4,62.27745651369104,2024-03-16,2024-02-24,quantile,wk inc flu hosp
09,2,0.4,69.43761241563817,2024-03-16,2024-02-24,quantile,wk inc flu hosp
10,2,0.4,23.677542920810975,2024-03-16,2024-02-24,quantile,wk inc flu hosp
11,2,0.4,13.482082209504771,2024-03-16,2024-02-24,quantile,wk inc flu hosp
12,2,0.4,409.39611542225225,2024-03-16,2024-02-24,quantile,wk inc flu hosp
13,2,0.4,96.5286197717661,2024-03-16,2024-02-24,quantile,wk inc flu hosp
15,2,0.4,4.069630331481172,2024-03-16,2024-02-24,quantile,wk inc flu hosp
16,2,0.4,29.879814939693947,2024-03-16,2024-02-24,quantile,wk inc flu hosp
17,2,0.4,184.67442511445674,2024-03-16,2024-02-24,quantile,wk inc flu hosp
18,2,0.4,207.2791193653845,2024-03-16,2024-02-24,quantile,wk inc flu hosp
19,2,0.4,80.30148493075262,2024-03-16,2024-02-24,quantile,wk inc flu hosp
20,2,0.4,113.404027119356,2024-03-16,2024-02-24,quantile,wk inc flu hosp
21,2,0.4,181.73440745600848,2024-03-16,2024-02-24,quantile,wk inc flu hosp
22,2,0.4,45.193521791270555,2024-03-16,2024-02-24,quantile,wk inc flu hosp
23,2,0.4,59.37793586250994,2024-03-16,2024-02-24,quantile,wk inc flu hosp
24,2,0.4,78.44962746266484,2024-03-16,2024-02-24,quantile,wk inc flu hosp
25,2,0.4,360.27727535224693,2024-03-16,2024-02-24,quantile,wk inc flu hosp
26,2,0.4,580.9108312195528,2024-03-16,2024-02-24,quantile,wk inc flu hosp
27,2,0.4,115.08045180336278,2024-03-16,2024-02-24,quantile,wk inc flu hosp
28,2,0.4,39.7186957894792,2024-03-16,2024-02-24,quantile,wk inc flu hosp
29,2,0.4,211.4356690036392,2024-03-16,2024-02-24,quantile,wk inc flu hosp
30,2,0.4,0.0,2024-03-16,2024-02-24,quantile,wk inc flu hosp
31,2,0.4,35.91218422836185,2024-03-16,2024-02-24,quantile,wk inc flu hosp
32,2,0.4,36.28761713451542,2024-03-16,2024-02-24,quantile,wk inc flu hosp
33,2,0.4,25.807136706338678,2024-03-16,2024-02-24,quantile,wk inc flu hosp
34,2,0.4,240.70291166494246,2024-03-16,2024-02-24,quantile,wk inc flu hosp
35,2,0.4,45.14273132342094,2024-03-16,2024-02-24,quantile,wk inc flu hosp
36,2,0.4,498.0700655606179,2024-03-16,2024-02-24,quantile,wk inc flu hosp
37,2,0.4,111.9201965049572,2024-03-16,2024-02-24,quantile,wk inc flu hosp
38,2,0.4,12.27068945961791,2024-03-16,2024-02-24,quantile,wk inc flu hosp
39,2,0.4,320.0169313693645,2024-03-16,2024-02-24,quantile,wk inc flu hosp
40,2,0.4,174.69110306167826,2024-03-16,2024-02-24,quantile,wk inc flu hosp
41,2,0.4,30.931772264848853,2024-03-16,2024-02-24,quantile,wk inc flu hosp
42,2,0.4,412.1978061181345,2024-03-16,2024-02-24,quantile,wk inc flu hosp
44,2,0.4,19.78814346078861,2024-03-16,2024-02-24,quantile,wk inc flu hosp
45,2,0.4,83.53321063464232,2024-03-16,2024-02-24,quantile,wk inc flu hosp
46,2,0.4,19.398044858848696,2024-03-16,2024-02-24,quantile,wk inc flu hosp
47,2,0.4,109.56694107194218,2024-03-16,2024-02-24,quantile,wk inc flu hosp
48,2,0.4,427.48779117795294,2024-03-16,2024-02-24,quantile,wk inc flu hosp
49,2,0.4,9.97027258174869,2024-03-16,2024-02-24,quantile,wk inc flu hosp
50,2,0.4,9.532948589472381,2024-03-16,2024-02-24,quantile,wk inc flu hosp
51,2,0.4,140.39377409172664,2024-03-16,2024-02-24,quantile,wk inc flu hosp
53,2,0.4,39.502628850342276,2024-03-16,2024-02-24,quantile,wk inc flu hosp
54,2,0.4,121.05658954891798,2024-03-16,2024-02-24,quantile,wk inc flu hosp
55,2,0.4,137.2682492998481,2024-03-16,2024-02-24,quantile,wk inc flu hosp
56,2,0.4,29.131897014831235,2024-03-16,2024-02-24,quantile,wk inc flu hosp
72,2,0.4,47.396797875538496,2024-03-16,2024-02-24,quantile,wk inc flu hosp
US,2,0.4,7095.587667708584,2024-03-16,2024-02-24,quantile,wk inc flu hosp
01,2,0.45,108.9437289398944,2024-03-16,2024-02-24,quantile,wk inc flu hosp
02,2,0.45,0.0,2024-03-16,2024-02-24,quantile,wk inc flu hosp
04,2,0.45,66.67462367757756,2024-03-16,2024-02-24,quantile,wk inc flu hosp
05,2,0.45,121.44550533898581,2024-03-16,2024-02-24,quantile,wk inc flu hosp
06,2,0.45,184.5021480459681,2024-03-16,2024-02-24,quantile,wk inc flu hosp
08,2,0.45,67.00501650607067,2024-03-16,2024-02-24,quantile,wk inc flu hosp
09,2,0.45,76.10472310553963,2024-03-16,2024-02-24,quantile,wk inc flu hosp
10,2,0.45,26.757316653166832,2024-03-16,2024-02-24,quantile,wk inc flu hosp
11,2,0.45,15.071144672795185,2024-03-16,2024-02-24,quantile,wk inc flu hosp
12,2,0.45,439.05074102969706,2024-03-16,2024-02-24,quantile,wk inc flu hosp
13,2,0.45,105.07904562170893,2024-03-16,2024-02-24,quantile,wk inc flu hosp
15,2,0.45,5.745272459311338,2024-03-16,2024-02-24,quantile,wk inc flu hosp
16,2,0.45,35.24396168183613,2024-03-16,2024-02-24,quantile,wk inc flu hosp
17,2,0.45,200.6479134089538,2024-03-16,2024-02-24,quantile,wk inc flu hosp
18,2,0.45,222.56377247609004,2024-03-16,2024-02-24,quantile,wk inc flu hosp
19,2,0.45,86.51370980796978,2024-03-16,2024-02-24,quantile,wk inc flu hosp
20,2,0.45,122.40099495903611,2024-03-16,2024-02-24,quantile,wk inc flu hosp
21,2,0.45,197.95414935840898,2024-03-16,2024-02-24,quantile,wk inc flu hosp
22,2,0.45,52.490433134577486,2024-03-16,2024-02-24,quantile,wk inc flu hosp
23,2,0.45,64.41883799479868,2024-03-16,2024-02-24,quantile,wk inc flu hosp
24,2,0.45,87.13204406575436,2024-03-16,2024-02-24,quantile,wk inc flu hosp
25,2,0.45,380.2413176341034,2024-03-16,2024-02-24,quantile,wk inc flu hosp
26,2,0.45,619.1260374768658,2024-03-16,2024-02-24,quantile,wk inc flu hosp
27,2,0.45,121.90468042795212,2024-03-16,2024-02-24,quantile,wk inc flu hosp
28,2,0.45,44.270238525501036,2024-03-16,2024-02-24,quantile,wk inc flu hosp
29,2,0.45,225.29853198921356,2024-03-16,2024-02-24,quantile,wk inc flu hosp
30,2,0.45,0.33409963033114976,2024-03-16,2024-02-24,quantile,wk inc flu hosp
31,2,0.45,40.016235238403745,2024-03-16,2024-02-24,quantile,wk inc flu hosp
32,2,0.45,40.129948880607,2024-03-16,2024-02-24,quantile,wk inc flu hosp
33,2,0.45,28.658896432422964,2024-03-16,2024-02-24,quantile,wk inc flu hosp
34,2,0.45,257.05879138034413,2024-03-16,2024-02-24,quantile,wk inc flu hosp
35,2,0.45,50.317118144788964,2024-03-16,2024-02-24,quantile,wk inc flu hosp
36,2,0.45,529.4048271800629,2024-03-16,2024-02-24,quantile,wk inc flu hosp
37,2,0.45,124.41598586226007,2024-03-16,2024-02-24,quantile,wk inc flu hosp
38,2,0.45,14.81134673753486,2024-03-16,2024-02-24,quantile,wk inc flu hosp
39,2,0.45,336.8646250541705,2024-03-16,2024-02-24,quantile,wk inc flu hosp
40,2,0.45,186.07204374169652,2024-03-16,2024-02-24,quantile,wk inc flu hosp
41,2,0.45,35.45774511821636,2024-03-16,2024-02-24,quantile,wk inc flu hosp
42,2,0.45,437.4276188618923,2024-03-16,2024-02-24,quantile,wk inc flu hosp
44,2,0.45,22.347646067695305,2024-03-16,2024-02-24,quantile,wk inc flu hosp
45,2,0.45,93.01861802781451,2024-03-16,2024-02-24,quantile,wk inc flu hosp
46,2,0.45,21.689964142612947,2024-03-16,2024-02-24,quantile,wk inc flu hosp
47,2,0.45,120.00903458145537,2024-03-16,2024-02-24,quantile,wk inc flu hosp
48,2,0.45,446.0270767186238,2024-03-16,2024-02-24,quantile,wk inc flu hosp
49,2,0.45,12.438839900083458,2024-03-16,2024-02-24,quantile,wk inc flu hosp
50,2,0.45,11.437035837420026,2024-03-16,2024-02-24,quantile,wk inc flu hosp
51,2,0.45,151.98509153940637,2024-03-16,2024-02-24,quantile,wk inc flu hosp
53,2,0.45,45.099104736021395,2024-03-16,2024-02-24,quantile,wk inc flu hosp
54,2,0.45,133.1851617822086,2024-03-16,2024-02-24,quantile,wk inc flu hosp
55,2,0.45,147.27523168327025,2024-03-16,2024-02-24,quantile,wk inc flu hosp
56,2,0.45,32.61376039177124,2024-03-16,2024-02-24,quantile,wk inc flu hosp
72,2,0.45,52.575984268853084,2024-03-16,2024-02-24,quantile,wk inc flu hosp
US,2,0.45,7537.180754111709,2024-03-16,2024-02-24,quantile,wk inc flu hosp
01,2,0.5,115.76962126294846,2024-03-16,2024-02-24,quantile,wk inc flu hosp
02,2,0.5,0.0,2024-03-16,2024-02-24,quantile,wk inc flu hosp
04,2,0.5,75.7796685997745,2024-03-16,2024-02-24,quantile,wk inc flu hosp
05,2,0.5,129.34630331072358,2024-03-16,2024-02-24,quantile,wk inc flu hosp
06,2,0.5,207.49876302310147,2024-03-16,2024-02-24,quantile,wk inc flu hosp
08,2,0.5,72.4695547793696,2024-03-16,2024-02-24,quantile,wk inc flu hosp
09,2,0.5,83.30785599205538,2024-03-16,2024-02-24,quantile,wk inc flu hosp
10,2,0.5,29.88292698173873,2024-03-16,2024-02-24,quantile,wk inc flu hosp
11,2,0.5,16.657558364409603,2024-03-16,2024-02-24,quantile,wk inc flu hosp
12,2,0.5,464.4562231004207,2024-03-16,2024-02-24,quantile,wk inc flu hosp
13,2,0.5,114.16618409910008,2024-03-16,2024-02-24,quantile,wk inc flu hosp
15,2,0.5,7.377210018666094,2024-03-16,2024-02-24,quantile,wk inc flu hosp
16,2,0.5,41.21686066850287,2024-03-16,2024-02-24,quantile,wk inc flu hosp
17,2,0.5,212.72481764542877,2024-03-16,2024-02-24,quantile,wk inc flu hosp
18,2,0.5,236.59579604408268,2024-03-16,2024-02-24,quantile,wk inc flu hosp
19,2,0.5,95.18784136887767,2024-03-16,2024-02-24,quantile,wk inc flu hosp
20,2,0.5,131.01845574287424,2024-03-16,2024-02-24,quantile,wk inc flu hosp
21,2,0.5,216.03997155316918,2024-03-16,2024-02-24,quantile,wk inc flu hosp
22,2,0.5,57.203237033936105,2024-03-16,2024-02-24,quantile,wk inc flu hosp
23,2,0.5,70.1567263451539,2024-03-16,2024-02-24,quantile,wk inc flu hosp
24,2,0.5,94.52504669425447,2024-03-16,2024-02-24,quantile,wk inc flu hosp
25,2,0.5,401.8104723448015,2024-03-16,2024-02-24,quantile,wk inc flu hosp
26,2,0.5,654.1622818961555,2024-03-16,2024-02-24,quantile,wk inc flu hosp
27,2,0.5,129.9393493166032,2024-03-16,2024-02-24,quantile,wk inc flu hosp
28,2,0.5,50.051397664823945,2024-03-16,2024-02-24,quantile,wk inc flu hosp
29,2,0.5,239.73787216275753,2024-03-16,2024-02-24,quantile,wk inc flu hosp
30,2,0.5,0.9686328545053149,2024-03-16,2024-02-24,quantile,wk inc flu hosp
31,2,0.5,43.67170094105717,2024-03-16,2024-02-24,quantile,wk inc flu hosp
32,2,0.5,45.18139501899333,2024-03-16,2024-02-24,quantile,wk inc flu hosp
33,2,0.5,32.008088377170736,2024-03-16,2024-02-24,quantile,wk inc flu hosp
34,2,0.5,280.56036830727913,2024-03-16,2024-02-24,quantile,wk inc flu hosp
35,2,0.5,56.218751081517034,2024-03-16,2024-02-24,quantile,wk inc flu hosp
36,2,0.5,557.3445610044427,2024-03-16,2024-02-24,quantile,wk inc flu hosp
37,2,0.5,136.6559872196795,2024-03-16,2024-02-24,quantile,wk inc flu hosp
38,2,0.5,17.22784331580277,2024-03-16,2024-02-24,quantile,wk inc flu hosp
39,2,0.5,356.2486986174986,2024-03-16,2024-02-24,quantile,wk inc flu hosp
40,2,0.5,202.4116587920536,2024-03-16,2024-02-24,quantile,wk inc flu hosp
41,2,0.5,39.30072210251808,2024-03-16,2024-02-24,quantile,wk inc flu hosp
42,2,0.5,469.2596309769294,2024-03-16,2024-02-24,quantile,wk inc flu hosp
44,2,0.5,24.85647008760444,2024-03-16,2024-02-24,quantile,wk inc flu hosp
45,2,0.5,100.23792026920944,2024-03-16,2024-02-24,quantile,wk inc flu hosp
46,2,0.5,25.17229809812923,2024-03-16,2024-02-24,quantile,wk inc flu hosp
47,2,0.5,131.88731176312436,2024-03-16,2024-02-24,quantile,wk inc flu hosp
48,2,0.5,467.78435677699593,2024-03-16,2024-02-24,quantile,wk inc flu hosp
49,2,0.5,14.473021838937578,2024-03-16,2024-02-24,quantile,wk inc flu hosp
50,2,0.5,13.141573972267226,2024-03-16,2024-02-24,quantile,wk inc flu hosp
51,2,0.5,169.93769479161494,2024-03-16,2024-02-24,quantile,wk inc flu hosp
53,2,0.5,51.28949359600591,2024-03-16,2024-02-24,quantile,wk inc flu hosp
54,2,0.5,144.05526101290872,2024-03-16,2024-02-24,quantile,wk inc flu hosp
55,2,0.5,159.58012817435792,2024-03-16,2024-02-24,quantile,wk inc flu hosp
56,2,0.5,36.76866159162668,2024-03-16,2024-02-24,quantile,wk inc flu hosp
72,2,0.5,57.596891099838174,2024-03-16,2024-02-24,quantile,wk inc flu hosp
US,2,0.5,7927.350979395383,2024-03-16,2024-02-24,quantile,wk inc flu hosp
01,2,0.55,124.49172788627173,2024-03-16,2024-02-24,quantile,wk inc flu hosp
02,2,0.55,0.423623675732055,2024-03-16,2024-02-24,quantile,wk inc flu hosp
04,2,0.55,85.80727240105227,2024-03-16,2024-02-24,quantile,wk inc flu hosp
05,2,0.55,138.1944898824213,2024-03-16,2024-02-24,quantile,wk inc flu hosp
06,2,0.55,233.67020481307287,2024-03-16,2024-02-24,quantile,wk inc flu hosp
08,2,0.55,79.08027794820116,2024-03-16,2024-02-24,quantile,wk inc flu hosp
09,2,0.55,90.49042202456147,2024-03-16,2024-02-24,quantile,wk inc flu hosp
10,2,0.55,34.22653430425269,2024-03-16,2024-02-24,quantile,wk inc flu hosp
11,2,0.55,18.47423595905372,2024-03-16,2024-02-24,quantile,wk inc flu hosp
12,2,0.55,483.7916803883909,2024-03-16,2024-02-24,quantile,wk inc flu hosp
13,2,0.55,125.40036296537399,2024-03-16,2024-02-24,quantile,wk inc flu hosp
15,2,0.55,9.31814370795597,2024-03-16,2024-02-24,quantile,wk inc flu hosp
16,2,0.55,45.89592266738793,2024-03-16,2024-02-24,quantile,wk inc flu hosp
17,2,0.55,229.1303035123854,2024-03-16,2024-02-24,quantile,wk inc flu hosp
18,2,0.55,252.62142659802458,2024-03-16,2024-02-24,quantile,wk inc flu hosp
19,2,0.55,102.20182796533844,2024-03-16,2024-02-24,quantile,wk inc flu hosp
20,2,0.55,141.95741710069237,2024-03-16,2024-02-24,quantile,wk inc flu hosp
21,2,0.55,231.6125366873321,2024-03-16,2024-02-24,quantile,wk inc flu hosp
22,2,0.55,62.85833074173209,2024-03-16,2024-02-24,quantile,wk inc flu hosp
23,2,0.55,77.62879622500074,2024-03-16,2024-02-24,quantile,wk inc flu hosp
24,2,0.55,103.22741757508201,2024-03-16,2024-02-24,quantile,wk inc flu hosp
25,2,0.55,422.0456072813536,2024-03-16,2024-02-24,quantile,wk inc flu hosp
26,2,0.55,686.8790496860431,2024-03-16,2024-02-24,quantile,wk inc flu hosp
27,2,0.55,135.98742282231464,2024-03-16,2024-02-24,quantile,wk inc flu hosp
28,2,0.55,56.83277025888171,2024-03-16,2024-02-24,quantile,wk inc flu hosp
29,2,0.55,255.60247547414988,2024-03-16,2024-02-24,quantile,wk inc flu hosp
30,2,0.55,1.7582704823828907,2024-03-16,2024-02-24,quantile,wk inc flu hosp
31,2,0.55,48.75124579610209,2024-03-16,2024-02-24,quantile,wk inc flu hosp
32,2,0.55,49.24750680515553,2024-03-16,2024-02-24,quantile,wk inc flu hosp
33,2,0.55,35.34733553757541,2024-03-16,2024-02-24,quantile,wk inc flu hosp
34,2,0.55,312.05871424909253,2024-03-16,2024-02-24,quantile,wk inc flu hosp
35,2,0.55,63.635554848818835,2024-03-16,2024-02-24,quantile,wk inc flu hosp
36,2,0.55,585.1442668343047,2024-03-16,2024-02-24,quantile,wk inc flu hosp
37,2,0.55,148.7533117581051,2024-03-16,2024-02-24,quantile,wk inc flu hosp
38,2,0.55,19.714493343066323,2024-03-16,2024-02-24,quantile,wk inc flu hosp
39,2,0.55,376.6589707537485,2024-03-16,2024-02-24,quantile,wk inc flu hosp
40,2,0.55,216.15603643585484,2024-03-16,2024-02-24,quantile,wk inc flu hosp
41,2,0.55,45.74346245978239,2024-03-16,2024-02-24,quantile,wk inc flu hosp
42,2,0.55,502.8061619091386,2024-03-16,2024-02-24,quantile,wk inc flu hosp
44,2,0.55,28.632407069711913,2024-03-16,2024-02-24,quantile,wk inc flu hosp
45,2,0.55,108.91821602036585,2024-03-16,2024-02-24,quantile,wk inc flu hosp
46,2,0.55,29.499130107659106,2024-03-16,2024-02-24,quantile,wk inc flu hosp
47,2,0.55,141.91894844954933,2024-03-16,2024-02-24,quantile,wk inc flu hosp
48,2,0.55,502.70378677531176,2024-03-16,2024-02-24,quantile,wk inc flu hosp
49,2,0.55,16.654910499145355,2024-03-16,2024-02-24,quantile,wk inc flu hosp
50,2,0.55,14.769007271083586,2024-03-16,2024-02-24,quantile,wk inc flu hosp
51,2,0.55,190.02283833328272,2024-03-16,2024-02-24,quantile,wk inc flu hosp
53,2,0.55,58.97942445464474,2024-03-16,2024-02-24,quantile,wk inc flu hosp
54,2,0.55,158.2018348435119,2024-03-16,2024-02-24,quantile,wk inc flu hosp
55,2,0.55,171.50485571301837,2024-03-16,2024-02-24,quantile,wk inc flu hosp
56,2,0.55,41.82811320002552,2024-03-16,2024-02-24,quantile,wk inc flu hosp
72,2,0.55,62.66186594964955,2024-03-16,2024-02-24,quantile,wk inc flu hosp
US,2,0.55,8323.660759129134,2024-03-16,2024-02-24,quantile,wk inc flu hosp
01,2,0.6,135.88442631541082,2024-03-16,2024-02-24,quantile,wk inc flu hosp
02,2,0.6,1.2021156310493433,2024-03-16,2024-02-24,quantile,wk inc flu hosp
04,2,0.6,96.81923301113639,2024-03-16,2024-02-24,quantile,wk inc flu hosp
05,2,0.6,147.38736825854068,2024-03-16,2024-02-24,quantile,wk inc flu hosp
06,2,0.6,258.116154022179,2024-03-16,2024-02-24,quantile,wk inc flu hosp
08,2,0.6,84.8147844958513,2024-03-16,2024-02-24,quantile,wk inc flu hosp
09,2,0.6,98.46038131569445,2024-03-16,2024-02-24,quantile,wk inc flu hosp
10,2,0.6,40.710400769912155,2024-03-16,2024-02-24,quantile,wk inc flu hosp
11,2,0.6,21.207786538085422,2024-03-16,2024-02-24,quantile,wk inc flu hosp
12,2,0.6,519.5603500326471,2024-03-16,2024-02-24,quantile,wk inc flu hosp
13,2,0.6,136.80680246794998,2024-03-16,2024-02-24,quantile,wk inc flu hosp
15,2,0.6,11.725481561434513,2024-03-16,2024-02-24,quantile,wk inc flu hosp
16,2,0.6,51.26938397290353,2024-03-16,2024-02-24,quantile,wk inc flu hosp
17,2,0.6,242.63299815535538,2024-03-16,2024-02-24,quantile,wk inc flu hosp
18,2,0.6,271.24876295392403,2024-03-16,2024-02-24,quantile,wk inc flu hosp
19,2,0.6,110.80151349867896,2024-03-16,2024-02-24,quantile,wk inc flu hosp
20,2,0.6,151.75557070522734,2024-03-16,2024-02-24,quantile,wk inc flu hosp
21,2,0.6,249.6373270694614,2024-03-16,2024-02-24,quantile,wk inc flu hosp
22,2,0.6,70.78764668375433,2024-03-16,2024-02-24,quantile,wk inc flu hosp
23,2,0.6,84.10124368058862,2024-03-16,2024-02-24,quantile,wk inc flu hosp
24,2,0.6,111.9548344060097,2024-03-16,2024-02-24,quantile,wk inc flu hosp
25,2,0.6,446.4417010408915,2024-03-16,2024-02-24,quantile,wk inc flu hosp
26,2,0.6,726.4516447225899,2024-03-16,2024-02-24,quantile,wk inc flu hosp
27,2,0.6,144.62147014779293,2024-03-16,2024-02-24,quantile,wk inc flu hosp
28,2,0.6,62.8814944181493,2024-03-16,2024-02-24,quantile,wk inc flu hosp
29,2,0.6,269.14984311210094,2024-03-16,2024-02-24,quantile,wk inc flu hosp
30,2,0.6,2.5745424734962508,2024-03-16,2024-02-24,quantile,wk inc flu hosp
31,2,0.6,53.99791708949021,2024-03-16,2024-02-24,quantile,wk inc flu hosp
32,2,0.6,53.9270374568954,2024-03-16,2024-02-24,quantile,wk inc flu hosp
33,2,0.6,39.20379614439277,2024-03-16,2024-02-24,quantile,wk inc flu hosp
34,2,0.6,336.3116343307635,2024-03-16,2024-02-24,quantile,wk inc flu hosp
35,2,0.6,71.55527876499613,2024-03-16,2024-02-24,quantile,wk inc flu hosp
36,2,0.6,613.8764221588443,2024-03-16,2024-02-24,quantile,wk inc flu hosp
37,2,0.6,164.67911610883954,2024-03-16,2024-02-24,quantile,wk inc flu hosp
38,2,0.6,21.999909093524167,2024-03-16,2024-02-24,quantile,wk inc flu hosp
39,2,0.6,395.09297335766115,2024-03-16,2024-02-24,quantile,wk inc flu hosp
40,2,0.6,231.88304599572544,2024-03-16,2024-02-24,quantile,wk inc flu hosp
41,2,0.6,50.750508266341214,2024-03-16,2024-02-24,quantile,wk inc flu hosp
42,2,0.6,533.635925050492,2024-03-16,2024-02-24,quantile,wk inc flu hosp
44,2,0.6,32.736552043933735,2024-03-16,2024-02-24,quantile,wk inc flu hosp
45,2,0.6,120.13282466504488,2024-03-16,2024-02-24,quantile,wk inc flu hosp
46,2,0.6,33.97539154283051,2024-03-16,2024-02-24,quantile,wk inc flu hosp
47,2,0.6,155.29138625428087,2024-03-16,2024-02-24,quantile,wk inc flu hosp
48,2,0.6,531.7888238907012,2024-03-16,2024-02-24,quantile,wk inc flu hosp
49,2,0.6,19.0436470605612,2024-03-16,2024-02-24,quantile,wk inc flu hosp
50,2,0.6,16.651940074400045,2024-03-16,2024-02-24,quantile,wk inc flu hosp
51,2,0.6,211.23204099444135,2024-03-16,2024-02-24,quantile,wk inc flu hosp
53,2,0.6,67.03042427764277,2024-03-16,2024-02-24,quantile,wk inc flu hosp
54,2,0.6,173.63101705621168,2024-03-16,2024-02-24,quantile,wk inc flu hosp
55,2,0.6,185.63469055055947,2024-03-16,2024-02-24,quantile,wk inc flu hosp
56,2,0.6,46.89201020486638,2024-03-16,2024-02-24,quantile,wk inc flu hosp
72,2,0.6,67.95333953789785,2024-03-16,2024-02-24,quantile,wk inc flu hosp
US,2,0.6,8679.49656654982,2024-03-16,2024-02-24,quantile,wk inc flu hosp
01,2,0.65,148.91747902650334,2024-03-16,2024-02-24,quantile,wk inc flu hosp
02,2,0.65,2.035539690837734,2024-03-16,2024-02-24,quantile,wk inc flu hosp
04,2,0.65,107.33285632852078,2024-03-16,2024-02-24,quantile,wk inc flu hosp
05,2,0.65,158.07243722238175,2024-03-16,2024-02-24,quantile,wk inc flu hosp
06,2,0.65,285.3790527071838,2024-03-16,2024-02-24,quantile,wk inc flu hosp
08,2,0.65,92.05897493017677,2024-03-16,2024-02-24,quantile,wk inc flu hosp
09,2,0.65,106.92495657370404,2024-03-16,2024-02-24,quantile,wk inc flu hosp
10,2,0.65,46.01546798804166,2024-03-16,2024-02-24,quantile,wk inc flu hosp
11,2,0.65,23.160956333647217,2024-03-16,2024-02-24,quantile,wk inc flu hosp
12,2,0.65,547.2790803922512,2024-03-16,2024-02-24,quantile,wk inc flu hosp
13,2,0.65,153.19722726621953,2024-03-16,2024-02-24,quantile,wk inc flu hosp
15,2,0.65,14.130425024226403,2024-03-16,2024-02-24,quantile,wk inc flu hosp
16,2,0.65,56.81876419120059,2024-03-16,2024-02-24,quantile,wk inc flu hosp
17,2,0.65,265.02316055980833,2024-03-16,2024-02-24,quantile,wk inc flu hosp
18,2,0.65,288.6631978552387,2024-03-16,2024-02-24,quantile,wk inc flu hosp
19,2,0.65,121.44266752582956,2024-03-16,2024-02-24,quantile,wk inc flu hosp
20,2,0.65,161.59164286102518,2024-03-16,2024-02-24,quantile,wk inc flu hosp
21,2,0.65,275.26713097042926,2024-03-16,2024-02-24,quantile,wk inc flu hosp
22,2,0.65,78.96879583940759,2024-03-16,2024-02-24,quantile,wk inc flu hosp
23,2,0.65,92.76700680859241,2024-03-16,2024-02-24,quantile,wk inc flu hosp
24,2,0.65,120.39146969130928,2024-03-16,2024-02-24,quantile,wk inc flu hosp
25,2,0.65,466.3154856060756,2024-03-16,2024-02-24,quantile,wk inc flu hosp
26,2,0.65,773.4353657370084,2024-03-16,2024-02-24,quantile,wk inc flu hosp
27,2,0.65,153.70627166068394,2024-03-16,2024-02-24,quantile,wk inc flu hosp
28,2,0.65,69.88694260685041,2024-03-16,2024-02-24,quantile,wk inc flu hosp
29,2,0.65,286.93893092287476,2024-03-16,2024-02-24,quantile,wk inc flu hosp
30,2,0.65,3.5711832773375307,2024-03-16,2024-02-24,quantile,wk inc flu hosp
31,2,0.65,58.437035112195396,2024-03-16,2024-02-24,quantile,wk inc flu hosp
32,2,0.65,60.182929381156555,2024-03-16,2024-02-24,quantile,wk inc flu hosp
33,2,0.65,43.110194928824704,2024-03-16,2024-02-24,quantile,wk inc flu hosp
34,2,0.65,363.7267019950037,2024-03-16,2024-02-24,quantile,wk inc flu hosp
35,2,0.65,78.83301072833315,2024-03-16,2024-02-24,quantile,wk inc flu hosp
36,2,0.65,649.372374592795,2024-03-16,2024-02-24,quantile,wk inc flu hosp
37,2,0.65,182.65698006983425,2024-03-16,2024-02-24,quantile,wk inc flu hosp
38,2,0.65,25.854243664242578,2024-03-16,2024-02-24,quantile,wk inc flu hosp
39,2,0.65,418.50074569627867,2024-03-16,2024-02-24,quantile,wk inc flu hosp
40,2,0.65,248.94174061326387,2024-03-16,2024-02-24,quantile,wk inc flu hosp
41,2,0.65,57.676070123747884,2024-03-16,2024-02-24,quantile,wk inc flu hosp
42,2,0.65,575.0383496001139,2024-03-16,2024-02-24,quantile,wk inc flu hosp
44,2,0.65,37.27202833635596,2024-03-16,2024-02-24,quantile,wk inc flu hosp
45,2,0.65,128.8665501796203,2024-03-16,2024-02-24,quantile,wk inc flu hosp
46,2,0.65,39.04279742007914,2024-03-16,2024-02-24,quantile,wk inc flu hosp
47,2,0.65,170.77080498730004,2024-03-16,2024-02-24,quantile,wk inc flu hosp
48,2,0.65,563.1099006628494,2024-03-16,2024-02-24,quantile,wk inc flu hosp
49,2,0.65,21.58475093014556,2024-03-16,2024-02-24,quantile,wk inc flu hosp
50,2,0.65,19.354692816342475,2024-03-16,2024-02-24,quantile,wk inc flu hosp
51,2,0.65,229.5290453021515,2024-03-16,2024-02-24,quantile,wk inc flu hosp
53,2,0.65,76.22722401765076,2024-03-16,2024-02-24,quantile,wk inc flu hosp
54,2,0.65,190.87780078890916,2024-03-16,2024-02-24,quantile,wk inc flu hosp
55,2,0.65,195.2587301403794,2024-03-16,2024-02-24,quantile,wk inc flu hosp
56,2,0.65,52.91255792669299,2024-03-16,2024-02-24,quantile,wk inc flu hosp
72,2,0.65,74.70487374094395,2024-03-16,2024-02-24,quantile,wk inc flu hosp
US,2,0.65,9098.167636839233,2024-03-16,2024-02-24,quantile,wk inc flu hosp
01,2,0.7,163.54721402734003,2024-03-16,2024-02-24,quantile,wk inc flu hosp
02,2,0.7,3.0986309984467697,2024-03-16,2024-02-24,quantile,wk inc flu hosp
04,2,0.7,123.07137365565924,2024-03-16,2024-02-24,quantile,wk inc flu hosp
05,2,0.7,170.81923812945868,2024-03-16,2024-02-24,quantile,wk inc flu hosp
06,2,0.7,317.8258259148814,2024-03-16,2024-02-24,quantile,wk inc flu hosp
08,2,0.7,101.03799310256193,2024-03-16,2024-02-24,quantile,wk inc flu hosp
09,2,0.7,118.28599984249819,2024-03-16,2024-02-24,quantile,wk inc flu hosp
10,2,0.7,51.63511649928299,2024-03-16,2024-02-24,quantile,wk inc flu hosp
11,2,0.7,26.388025556197768,2024-03-16,2024-02-24,quantile,wk inc flu hosp
12,2,0.7,578.57332370529,2024-03-16,2024-02-24,quantile,wk inc flu hosp
13,2,0.7,166.55479670236514,2024-03-16,2024-02-24,quantile,wk inc flu hosp
15,2,0.7,16.76028378003504,2024-03-16,2024-02-24,quantile,wk inc flu hosp
16,2,0.7,64.66042507765994,2024-03-16,2024-02-24,quantile,wk inc flu hosp
17,2,0.7,288.13785976358025,2024-03-16,2024-02-24,quantile,wk inc flu hosp
18,2,0.7,310.01292316528423,2024-03-16,2024-02-24,quantile,wk inc flu hosp
19,2,0.7,129.62192738228833,2024-03-16,2024-02-24,quantile,wk inc flu hosp
20,2,0.7,173.50846248234612,2024-03-16,2024-02-24,quantile,wk inc flu hosp
21,2,0.7,300.4483994032207,2024-03-16,2024-02-24,quantile,wk inc flu hosp
22,2,0.7,87.77294878029905,2024-03-16,2024-02-24,quantile,wk inc flu hosp
23,2,0.7,101.50591092560623,2024-03-16,2024-02-24,quantile,wk inc flu hosp
24,2,0.7,131.1471402712355,2024-03-16,2024-02-24,quantile,wk inc flu hosp
25,2,0.7,491.73799132292686,2024-03-16,2024-02-24,quantile,wk inc flu hosp
26,2,0.7,825.2043214524003,2024-03-16,2024-02-24,quantile,wk inc flu hosp
27,2,0.7,166.0585598381672,2024-03-16,2024-02-24,quantile,wk inc flu hosp
28,2,0.7,78.64127084275006,2024-03-16,2024-02-24,quantile,wk inc flu hosp
29,2,0.7,308.2625439009356,2024-03-16,2024-02-24,quantile,wk inc flu hosp
30,2,0.7,4.7402547300216185,2024-03-16,2024-02-24,quantile,wk inc flu hosp
31,2,0.7,64.89423594611847,2024-03-16,2024-02-24,quantile,wk inc flu hosp
32,2,0.7,65.94077524719486,2024-03-16,2024-02-24,quantile,wk inc flu hosp
33,2,0.7,47.89261074005542,2024-03-16,2024-02-24,quantile,wk inc flu hosp
34,2,0.7,397.3400617870397,2024-03-16,2024-02-24,quantile,wk inc flu hosp
35,2,0.7,87.37074577624989,2024-03-16,2024-02-24,quantile,wk inc flu hosp
36,2,0.7,686.4878185488257,2024-03-16,2024-02-24,quantile,wk inc flu hosp
37,2,0.7,200.71594574476268,2024-03-16,2024-02-24,quantile,wk inc flu hosp
38,2,0.7,29.79382612734643,2024-03-16,2024-02-24,quantile,wk inc flu hosp
39,2,0.7,442.4148872392188,2024-03-16,2024-02-24,quantile,wk inc flu hosp
40,2,0.7,272.9918400697697,2024-03-16,2024-02-24,quantile,wk inc flu hosp
41,2,0.7,64.11957095603948,2024-03-16,2024-02-24,quantile,wk inc flu hosp
42,2,0.7,613.4571603880335,2024-03-16,2024-02-24,quantile,wk inc flu hosp
44,2,0.7,42.166925106256436,2024-03-16,2024-02-24,quantile,wk inc flu hosp
45,2,0.7,140.64274848068288,2024-03-16,2024-02-24,quantile,wk inc flu hosp
46,2,0.7,44.01913111050313,2024-03-16,2024-02-24,quantile,wk inc flu hosp
47,2,0.7,189.2607452053135,2024-03-16,2024-02-24,quantile,wk inc flu hosp
48,2,0.7,595.8455798549164,2024-03-16,2024-02-24,quantile,wk inc flu hosp
49,2,0.7,24.721349854907867,2024-03-16,2024-02-24,quantile,wk inc flu hosp
50,2,0.7,22.156460591938863,2024-03-16,2024-02-24,quantile,wk inc flu hosp
51,2,0.7,249.88360083671506,2024-03-16,2024-02-24,quantile,wk inc flu hosp
53,2,0.7,85.15843182961783,2024-03-16,2024-02-24,quantile,wk inc flu hosp
54,2,0.7,209.67357282922373,2024-03-16,2024-02-24,quantile,wk inc flu hosp
55,2,0.7,208.23281350343103,2024-03-16,2024-02-24,quantile,wk inc flu hosp
56,2,0.7,59.99867521334081,2024-03-16,2024-02-24,quantile,wk inc flu hosp
72,2,0.7,82.10634160722635,2024-03-16,2024-02-24,quantile,wk inc flu hosp
US,2,0.7,9579.451380915827,2024-03-16,2024-02-24,quantile,wk inc flu hosp
01,2,0.75,179.84623459355387,2024-03-16,2024-02-24,quantile,wk inc flu hosp
02,2,0.75,4.431090321720329,2024-03-16,2024-02-24,quantile,wk inc flu hosp
04,2,0.75,140.80139316297445,2024-03-16,2024-02-24,quantile,wk inc flu hosp
05,2,0.75,184.9504045213312,2024-03-16,2024-02-24,quantile,wk inc flu hosp
06,2,0.75,352.7527789139795,2024-03-16,2024-02-24,quantile,wk inc flu hosp
08,2,0.75,110.28650477014551,2024-03-16,2024-02-24,quantile,wk inc flu hosp
09,2,0.75,129.39014518557175,2024-03-16,2024-02-24,quantile,wk inc flu hosp
10,2,0.75,58.66329567650081,2024-03-16,2024-02-24,quantile,wk inc flu hosp
11,2,0.75,29.41610227676168,2024-03-16,2024-02-24,quantile,wk inc flu hosp
12,2,0.75,615.5688888884099,2024-03-16,2024-02-24,quantile,wk inc flu hosp
13,2,0.75,181.96045100712118,2024-03-16,2024-02-24,quantile,wk inc flu hosp
15,2,0.75,19.87463700417964,2024-03-16,2024-02-24,quantile,wk inc flu hosp
16,2,0.75,74.40746456072458,2024-03-16,2024-02-24,quantile,wk inc flu hosp
17,2,0.75,309.82660564529544,2024-03-16,2024-02-24,quantile,wk inc flu hosp
18,2,0.75,334.0250635787266,2024-03-16,2024-02-24,quantile,wk inc flu hosp
19,2,0.75,143.8059428852,2024-03-16,2024-02-24,quantile,wk inc flu hosp
20,2,0.75,185.55830428170492,2024-03-16,2024-02-24,quantile,wk inc flu hosp
21,2,0.75,334.00159970253605,2024-03-16,2024-02-24,quantile,wk inc flu hosp
22,2,0.75,96.73304019329609,2024-03-16,2024-02-24,quantile,wk inc flu hosp
23,2,0.75,112.00075631322782,2024-03-16,2024-02-24,quantile,wk inc flu hosp
24,2,0.75,141.1047750160341,2024-03-16,2024-02-24,quantile,wk inc flu hosp
25,2,0.75,525.6916191709757,2024-03-16,2024-02-24,quantile,wk inc flu hosp
26,2,0.75,885.0965084775698,2024-03-16,2024-02-24,quantile,wk inc flu hosp
27,2,0.75,176.8033660825117,2024-03-16,2024-02-24,quantile,wk inc flu hosp
28,2,0.75,87.7907178890009,2024-03-16,2024-02-24,quantile,wk inc flu hosp
29,2,0.75,333.76919905906385,2024-03-16,2024-02-24,quantile,wk inc flu hosp
30,2,0.75,6.76641131704784,2024-03-16,2024-02-24,quantile,wk inc flu hosp
31,2,0.75,71.88225677891258,2024-03-16,2024-02-24,quantile,wk inc flu hosp
32,2,0.75,75.0395905096307,2024-03-16,2024-02-24,quantile,wk inc flu hosp
33,2,0.75,53.42484455619164,2024-03-16,2024-02-24,quantile,wk inc flu hosp
34,2,0.75,425.35857508805,2024-03-16,2024-02-24,quantile,wk inc flu hosp
35,2,0.75,97.78964270318662,2024-03-16,2024-02-24,quantile,wk inc flu hosp
36,2,0.75,724.7062705371487,2024-03-16,2024-02-24,quantile,wk inc flu hosp
37,2,0.75,220.30424164901027,2024-03-16,2024-02-24,quantile,wk inc flu hosp
38,2,0.75,33.37146182002341,2024-03-16,2024-02-24,quantile,wk inc flu hosp
39,2,0.75,472.1829035404984,2024-03-16,2024-02-24,quantile,wk inc flu hosp
40,2,0.75,297.8501531840457,2024-03-16,2024-02-24,quantile,wk inc flu hosp
41,2,0.75,74.36258371461076,2024-03-16,2024-02-24,quantile,wk inc flu hosp
42,2,0.75,655.4741949194399,2024-03-16,2024-02-24,quantile,wk inc flu hosp
44,2,0.75,47.29092515235795,2024-03-16,2024-02-24,quantile,wk inc flu hosp
45,2,0.75,155.15838160449826,2024-03-16,2024-02-24,quantile,wk inc flu hosp
46,2,0.75,51.83067336426979,2024-03-16,2024-02-24,quantile,wk inc flu hosp
47,2,0.75,211.55244776231964,2024-03-16,2024-02-24,quantile,wk inc flu hosp
48,2,0.75,639.6353887866438,2024-03-16,2024-02-24,quantile,wk inc flu hosp
49,2,0.75,27.891540547414223,2024-03-16,2024-02-24,quantile,wk inc flu hosp
50,2,0.75,25.325270903632777,2024-03-16,2024-02-24,quantile,wk inc flu hosp
51,2,0.75,268.3408424873829,2024-03-16,2024-02-24,quantile,wk inc flu hosp
53,2,0.75,98.32589453185066,2024-03-16,2024-02-24,quantile,wk inc flu hosp
54,2,0.75,233.54387103768136,2024-03-16,2024-02-24,quantile,wk inc flu hosp
55,2,0.75,226.4026403292327,2024-03-16,2024-02-24,quantile,wk inc flu hosp
56,2,0.75,66.25733061612006,2024-03-16,2024-02-24,quantile,wk inc flu hosp
72,2,0.75,89.98466405105617,2024-03-16,2024-02-24,quantile,wk inc flu hosp
US,2,0.75,10106.610473548715,2024-03-16,2024-02-24,quantile,wk inc flu hosp
01,2,0.8,199.54820099236534,2024-03-16,2024-02-24,quantile,wk inc flu hosp
02,2,0.8,6.317403232095273,2024-03-16,2024-02-24,quantile,wk inc flu hosp
04,2,0.8,158.59278334023873,2024-03-16,2024-02-24,quantile,wk inc flu hosp
05,2,0.8,203.1905246733468,2024-03-16,2024-02-24,quantile,wk inc flu hosp
06,2,0.8,390.02133738906247,2024-03-16,2024-02-24,quantile,wk inc flu hosp
08,2,0.8,122.92266792178086,2024-03-16,2024-02-24,quantile,wk inc flu hosp
09,2,0.8,145.82790565041452,2024-03-16,2024-02-24,quantile,wk inc flu hosp
10,2,0.8,67.28815459891118,2024-03-16,2024-02-24,quantile,wk inc flu hosp
11,2,0.8,34.52309875809909,2024-03-16,2024-02-24,quantile,wk inc flu hosp
12,2,0.8,662.8532366386927,2024-03-16,2024-02-24,quantile,wk inc flu hosp
13,2,0.8,198.2563112863578,2024-03-16,2024-02-24,quantile,wk inc flu hosp
15,2,0.8,25.215264080579384,2024-03-16,2024-02-24,quantile,wk inc flu hosp
16,2,0.8,84.77318565706206,2024-03-16,2024-02-24,quantile,wk inc flu hosp
17,2,0.8,338.50503096441054,2024-03-16,2024-02-24,quantile,wk inc flu hosp
18,2,0.8,356.0633720201692,2024-03-16,2024-02-24,quantile,wk inc flu hosp
19,2,0.8,160.05721066317298,2024-03-16,2024-02-24,quantile,wk inc flu hosp
20,2,0.8,202.26202841572874,2024-03-16,2024-02-24,quantile,wk inc flu hosp
21,2,0.8,368.84985126266605,2024-03-16,2024-02-24,quantile,wk inc flu hosp
22,2,0.8,107.20935454380798,2024-03-16,2024-02-24,quantile,wk inc flu hosp
23,2,0.8,126.76201462395103,2024-03-16,2024-02-24,quantile,wk inc flu hosp
24,2,0.8,158.4290350598701,2024-03-16,2024-02-24,quantile,wk inc flu hosp
25,2,0.8,569.7897244742227,2024-03-16,2024-02-24,quantile,wk inc flu hosp
26,2,0.8,940.6896725361967,2024-03-16,2024-02-24,quantile,wk inc flu hosp
27,2,0.8,190.4483144780042,2024-03-16,2024-02-24,quantile,wk inc flu hosp
28,2,0.8,100.1217665589546,2024-03-16,2024-02-24,quantile,wk inc flu hosp
29,2,0.8,367.0141474723486,2024-03-16,2024-02-24,quantile,wk inc flu hosp
30,2,0.8,8.983758965364926,2024-03-16,2024-02-24,quantile,wk inc flu hosp
31,2,0.8,79.6367859767438,2024-03-16,2024-02-24,quantile,wk inc flu hosp
32,2,0.8,83.44707853497016,2024-03-16,2024-02-24,quantile,wk inc flu hosp
33,2,0.8,60.90771455020446,2024-03-16,2024-02-24,quantile,wk inc flu hosp
34,2,0.8,465.5544031686957,2024-03-16,2024-02-24,quantile,wk inc flu hosp
35,2,0.8,108.76212792211317,2024-03-16,2024-02-24,quantile,wk inc flu hosp
36,2,0.8,771.3638035008296,2024-03-16,2024-02-24,quantile,wk inc flu hosp
37,2,0.8,241.74259269294458,2024-03-16,2024-02-24,quantile,wk inc flu hosp
38,2,0.8,39.852961822059186,2024-03-16,2024-02-24,quantile,wk inc flu hosp
39,2,0.8,504.3997712767576,2024-03-16,2024-02-24,quantile,wk inc flu hosp
40,2,0.8,333.6127517887057,2024-03-16,2024-02-24,quantile,wk inc flu hosp
41,2,0.8,83.92037284180485,2024-03-16,2024-02-24,quantile,wk inc flu hosp
42,2,0.8,694.3422657348726,2024-03-16,2024-02-24,quantile,wk inc flu hosp
44,2,0.8,54.50213526935585,2024-03-16,2024-02-24,quantile,wk inc flu hosp
45,2,0.8,171.66796924980838,2024-03-16,2024-02-24,quantile,wk inc flu hosp
46,2,0.8,60.38253768476568,2024-03-16,2024-02-24,quantile,wk inc flu hosp
47,2,0.8,233.5079056227132,2024-03-16,2024-02-24,quantile,wk inc flu hosp
48,2,0.8,677.5091042992353,2024-03-16,2024-02-24,quantile,wk inc flu hosp
49,2,0.8,33.740782661648424,2024-03-16,2024-02-24,quantile,wk inc flu hosp
50,2,0.8,29.898978004764597,2024-03-16,2024-02-24,quantile,wk inc flu hosp
51,2,0.8,297.4899731571037,2024-03-16,2024-02-24,quantile,wk inc flu hosp
53,2,0.8,109.49359800012954,2024-03-16,2024-02-24,quantile,wk inc flu hosp
54,2,0.8,254.55316094841953,2024-03-16,2024-02-24,quantile,wk inc flu hosp
55,2,0.8,247.6864828307465,2024-03-16,2024-02-24,quantile,wk inc flu hosp
56,2,0.8,76.58116402229511,2024-03-16,2024-02-24,quantile,wk inc flu hosp
72,2,0.8,100.93940802537294,2024-03-16,2024-02-24,quantile,wk inc flu hosp
US,2,0.8,10568.524102331961,2024-03-16,2024-02-24,quantile,wk inc flu hosp
01,2,0.85,222.49819933472708,2024-03-16,2024-02-24,quantile,wk inc flu hosp
02,2,0.85,9.112613980390437,2024-03-16,2024-02-24,quantile,wk inc flu hosp
04,2,0.85,182.44211331529,2024-03-16,2024-02-24,quantile,wk inc flu hosp
05,2,0.85,226.6591592576932,2024-03-16,2024-02-24,quantile,wk inc flu hosp
06,2,0.85,442.21526612258583,2024-03-16,2024-02-24,quantile,wk inc flu hosp
08,2,0.85,139.0758834415948,2024-03-16,2024-02-24,quantile,wk inc flu hosp
09,2,0.85,161.8043636357265,2024-03-16,2024-02-24,quantile,wk inc flu hosp
10,2,0.85,79.8424309894446,2024-03-16,2024-02-24,quantile,wk inc flu hosp
11,2,0.85,38.790233307038726,2024-03-16,2024-02-24,quantile,wk inc flu hosp
12,2,0.85,727.6209932965776,2024-03-16,2024-02-24,quantile,wk inc flu hosp
13,2,0.85,220.13784985727594,2024-03-16,2024-02-24,quantile,wk inc flu hosp
15,2,0.85,30.155058334631132,2024-03-16,2024-02-24,quantile,wk inc flu hosp
16,2,0.85,99.14507303111085,2024-03-16,2024-02-24,quantile,wk inc flu hosp
17,2,0.85,373.06176059188687,2024-03-16,2024-02-24,quantile,wk inc flu hosp
18,2,0.85,393.0303105756338,2024-03-16,2024-02-24,quantile,wk inc flu hosp
19,2,0.85,178.23759685159624,2024-03-16,2024-02-24,quantile,wk inc flu hosp
20,2,0.85,225.7728717144046,2024-03-16,2024-02-24,quantile,wk inc flu hosp
21,2,0.85,401.46896079668556,2024-03-16,2024-02-24,quantile,wk inc flu hosp
22,2,0.85,125.4116737737306,2024-03-16,2024-02-24,quantile,wk inc flu hosp
23,2,0.85,142.13217643836145,2024-03-16,2024-02-24,quantile,wk inc flu hosp
24,2,0.85,175.01194390074633,2024-03-16,2024-02-24,quantile,wk inc flu hosp
25,2,0.85,614.6636779663866,2024-03-16,2024-02-24,quantile,wk inc flu hosp
26,2,0.85,1026.8178231878223,2024-03-16,2024-02-24,quantile,wk inc flu hosp
27,2,0.85,205.87710121764044,2024-03-16,2024-02-24,quantile,wk inc flu hosp
28,2,0.85,113.76825654168064,2024-03-16,2024-02-24,quantile,wk inc flu hosp
29,2,0.85,401.6751827553636,2024-03-16,2024-02-24,quantile,wk inc flu hosp
30,2,0.85,12.28759189318042,2024-03-16,2024-02-24,quantile,wk inc flu hosp
31,2,0.85,90.36227057545268,2024-03-16,2024-02-24,quantile,wk inc flu hosp
32,2,0.85,94.54619278179935,2024-03-16,2024-02-24,quantile,wk inc flu hosp
33,2,0.85,70.36734058661153,2024-03-16,2024-02-24,quantile,wk inc flu hosp
34,2,0.85,508.40936338582924,2024-03-16,2024-02-24,quantile,wk inc flu hosp
35,2,0.85,124.63690764156671,2024-03-16,2024-02-24,quantile,wk inc flu hosp
36,2,0.85,834.3522206009684,2024-03-16,2024-02-24,quantile,wk inc flu hosp
37,2,0.85,273.36049980715774,2024-03-16,2024-02-24,quantile,wk inc flu hosp
38,2,0.85,49.163474108174825,2024-03-16,2024-02-24,quantile,wk inc flu hosp
39,2,0.85,552.1970736997736,2024-03-16,2024-02-24,quantile,wk inc flu hosp
40,2,0.85,383.00048566169545,2024-03-16,2024-02-24,quantile,wk inc flu hosp
41,2,0.85,97.89852914033368,2024-03-16,2024-02-24,quantile,wk inc flu hosp
42,2,0.85,753.777363380702,2024-03-16,2024-02-24,quantile,wk inc flu hosp
44,2,0.85,60.24680946517771,2024-03-16,2024-02-24,quantile,wk inc flu hosp
45,2,0.85,189.11344225560785,2024-03-16,2024-02-24,quantile,wk inc flu hosp
46,2,0.85,70.36033769489399,2024-03-16,2024-02-24,quantile,wk inc flu hosp
47,2,0.85,258.6952566322956,2024-03-16,2024-02-24,quantile,wk inc flu hosp
48,2,0.85,729.6260094177204,2024-03-16,2024-02-24,quantile,wk inc flu hosp
49,2,0.85,39.610294481942354,2024-03-16,2024-02-24,quantile,wk inc flu hosp
50,2,0.85,34.98762497308336,2024-03-16,2024-02-24,quantile,wk inc flu hosp
51,2,0.85,331.1350108548703,2024-03-16,2024-02-24,quantile,wk inc flu hosp
53,2,0.85,120.38992082956749,2024-03-16,2024-02-24,quantile,wk inc flu hosp
54,2,0.85,285.483131153393,2024-03-16,2024-02-24,quantile,wk inc flu hosp
55,2,0.85,274.5341808422148,2024-03-16,2024-02-24,quantile,wk inc flu hosp
56,2,0.85,91.4063565558868,2024-03-16,2024-02-24,quantile,wk inc flu hosp
72,2,0.85,113.2603091359194,2024-03-16,2024-02-24,quantile,wk inc flu hosp
US,2,0.85,11397.908001521748,2024-03-16,2024-02-24,quantile,wk inc flu hosp
01,2,0.9,256.21451570993634,2024-03-16,2024-02-24,quantile,wk inc flu hosp
02,2,0.9,12.760610172784359,2024-03-16,2024-02-24,quantile,wk inc flu hosp
04,2,0.9,223.09478579797832,2024-03-16,2024-02-24,quantile,wk inc flu hosp
05,2,0.9,263.0803060441814,2024-03-16,2024-02-24,quantile,wk inc flu hosp
06,2,0.9,530.0953093371317,2024-03-16,2024-02-24,quantile,wk inc flu hosp
08,2,0.9,157.9975196807073,2024-03-16,2024-02-24,quantile,wk inc flu hosp
09,2,0.9,186.79993765018932,2024-03-16,2024-02-24,quantile,wk inc flu hosp
10,2,0.9,94.96324683451968,2024-03-16,2024-02-24,quantile,wk inc flu hosp
11,2,0.9,47.832106335875054,2024-03-16,2024-02-24,quantile,wk inc flu hosp
12,2,0.9,811.0889483837376,2024-03-16,2024-02-24,quantile,wk inc flu hosp
13,2,0.9,250.34940310114996,2024-03-16,2024-02-24,quantile,wk inc flu hosp
15,2,0.9,40.49234740427005,2024-03-16,2024-02-24,quantile,wk inc flu hosp
16,2,0.9,119.53607602462915,2024-03-16,2024-02-24,quantile,wk inc flu hosp
17,2,0.9,424.90608199980653,2024-03-16,2024-02-24,quantile,wk inc flu hosp
18,2,0.9,433.59211906116946,2024-03-16,2024-02-24,quantile,wk inc flu hosp
19,2,0.9,200.4868374737771,2024-03-16,2024-02-24,quantile,wk inc flu hosp
20,2,0.9,259.6411957685474,2024-03-16,2024-02-24,quantile,wk inc flu hosp
21,2,0.9,455.0145911754673,2024-03-16,2024-02-24,quantile,wk inc flu hosp
22,2,0.9,143.1778715117181,2024-03-16,2024-02-24,quantile,wk inc flu hosp
23,2,0.9,162.53551952714244,2024-03-16,2024-02-24,quantile,wk inc flu hosp
24,2,0.9,197.78887133798804,2024-03-16,2024-02-24,quantile,wk inc flu hosp
25,2,0.9,681.9165903387209,2024-03-16,2024-02-24,quantile,wk inc flu hosp
26,2,0.9,1132.239448547926,2024-03-16,2024-02-24,quantile,wk inc flu hosp
27,2,0.9,232.40800949091852,2024-03-16,2024-02-24,quantile,wk inc flu hosp
28,2,0.9,132.68197119245207,2024-03-16,2024-02-24,quantile,wk inc flu hosp
29,2,0.9,439.94247192788697,2024-03-16,2024-02-24,quantile,wk inc flu hosp
30,2,0.9,16.09329080573769,2024-03-16,2024-02-24,quantile,wk inc flu hosp
31,2,0.9,103.73755246706989,2024-03-16,2024-02-24,quantile,wk inc flu hosp
32,2,0.9,109.6756699566302,2024-03-16,2024-02-24,quantile,wk inc flu hosp
33,2,0.9,81.69823524344964,2024-03-16,2024-02-24,quantile,wk inc flu hosp
34,2,0.9,574.6304437962576,2024-03-16,2024-02-24,quantile,wk inc flu hosp
35,2,0.9,145.79647403032354,2024-03-16,2024-02-24,quantile,wk inc flu hosp
36,2,0.9,900.5304819723374,2024-03-16,2024-02-24,quantile,wk inc flu hosp
37,2,0.9,316.45079114148587,2024-03-16,2024-02-24,quantile,wk inc flu hosp
38,2,0.9,56.807826592847064,2024-03-16,2024-02-24,quantile,wk inc flu hosp
39,2,0.9,621.1697743513215,2024-03-16,2024-02-24,quantile,wk inc flu hosp
40,2,0.9,418.62515916561273,2024-03-16,2024-02-24,quantile,wk inc flu hosp
41,2,0.9,115.0683279411739,2024-03-16,2024-02-24,quantile,wk inc flu hosp
42,2,0.9,832.6917072805243,2024-03-16,2024-02-24,quantile,wk inc flu hosp
44,2,0.9,73.21556578447758,2024-03-16,2024-02-24,quantile,wk inc flu hosp
45,2,0.9,213.30825954963848,2024-03-16,2024-02-24,quantile,wk inc flu hosp
46,2,0.9,88.41994927914284,2024-03-16,2024-02-24,quantile,wk inc flu hosp
47,2,0.9,287.8431097687522,2024-03-16,2024-02-24,quantile,wk inc flu hosp
48,2,0.9,802.781397014028,2024-03-16,2024-02-24,quantile,wk inc flu hosp
49,2,0.9,47.569628269244035,2024-03-16,2024-02-24,quantile,wk inc flu hosp
50,2,0.9,42.13747713537296,2024-03-16,2024-02-24,quantile,wk inc flu hosp
51,2,0.9,371.7224959980388,2024-03-16,2024-02-24,quantile,wk inc flu hosp
53,2,0.9,139.69622257277376,2024-03-16,2024-02-24,quantile,wk inc flu hosp
54,2,0.9,325.6355405436642,2024-03-16,2024-02-24,quantile,wk inc flu hosp
55,2,0.9,306.1028303480374,2024-03-16,2024-02-24,quantile,wk inc flu hosp
56,2,0.9,109.2804365350388,2024-03-16,2024-02-24,quantile,wk inc flu hosp
72,2,0.9,135.55948399086662,2024-03-16,2024-02-24,quantile,wk inc flu hosp
US,2,0.9,12457.727043987956,2024-03-16,2024-02-24,quantile,wk inc flu hosp
01,2,0.95,308.8471461135937,2024-03-16,2024-02-24,quantile,wk inc flu hosp
02,2,0.95,20.21314491489532,2024-03-16,2024-02-24,quantile,wk inc flu hosp
04,2,0.95,276.28485286641336,2024-03-16,2024-02-24,quantile,wk inc flu hosp
05,2,0.95,313.5313356225944,2024-03-16,2024-02-24,quantile,wk inc flu hosp
06,2,0.95,649.405624429451,2024-03-16,2024-02-24,quantile,wk inc flu hosp
08,2,0.95,192.9638956576623,2024-03-16,2024-02-24,quantile,wk inc flu hosp
09,2,0.95,232.11469413319136,2024-03-16,2024-02-24,quantile,wk inc flu hosp
10,2,0.95,137.46690808713754,2024-03-16,2024-02-24,quantile,wk inc flu hosp
11,2,0.95,61.29482566192821,2024-03-16,2024-02-24,quantile,wk inc flu hosp
12,2,0.95,914.7561936080227,2024-03-16,2024-02-24,quantile,wk inc flu hosp
13,2,0.95,296.989868528796,2024-03-16,2024-02-24,quantile,wk inc flu hosp
15,2,0.95,55.022918125631065,2024-03-16,2024-02-24,quantile,wk inc flu hosp
16,2,0.95,146.8631802670634,2024-03-16,2024-02-24,quantile,wk inc flu hosp
17,2,0.95,495.80766557538004,2024-03-16,2024-02-24,quantile,wk inc flu hosp
18,2,0.95,493.55000997712835,2024-03-16,2024-02-24,quantile,wk inc flu hosp
19,2,0.95,239.0750277197124,2024-03-16,2024-02-24,quantile,wk inc flu hosp
20,2,0.95,302.1085197439,2024-03-16,2024-02-24,quantile,wk inc flu hosp
21,2,0.95,539.8124226718254,2024-03-16,2024-02-24,quantile,wk inc flu hosp
22,2,0.95,186.71939060059526,2024-03-16,2024-02-24,quantile,wk inc flu hosp
23,2,0.95,202.43907893423338,2024-03-16,2024-02-24,quantile,wk inc flu hosp
24,2,0.95,229.22022029900748,2024-03-16,2024-02-24,quantile,wk inc flu hosp
25,2,0.95,783.2887990977945,2024-03-16,2024-02-24,quantile,wk inc flu hosp
26,2,0.95,1307.8317393433206,2024-03-16,2024-02-24,quantile,wk inc flu hosp
27,2,0.95,276.54171056361196,2024-03-16,2024-02-24,quantile,wk inc flu hosp
28,2,0.95,165.57097059297308,2024-03-16,2024-02-24,quantile,wk inc flu hosp
29,2,0.95,528.0371631415843,2024-03-16,2024-02-24,quantile,wk inc flu hosp
30,2,0.95,24.84532231735156,2024-03-16,2024-02-24,quantile,wk inc flu hosp
31,2,0.95,123.21750267161102,2024-03-16,2024-02-24,quantile,wk inc flu hosp
32,2,0.95,138.49739590072795,2024-03-16,2024-02-24,quantile,wk inc flu hosp
33,2,0.95,104.43717700048704,2024-03-16,2024-02-24,quantile,wk inc flu hosp
34,2,0.95,680.9807246332118,2024-03-16,2024-02-24,quantile,wk inc flu hosp
35,2,0.95,178.0024128530357,2024-03-16,2024-02-24,quantile,wk inc flu hosp
36,2,0.95,1032.3582141999505,2024-03-16,2024-02-24,quantile,wk inc flu hosp
37,2,0.95,363.8907332247788,2024-03-16,2024-02-24,quantile,wk inc flu hosp
38,2,0.95,81.45537370570214,2024-03-16,2024-02-24,quantile,wk inc flu hosp
39,2,0.95,719.1813343684634,2024-03-16,2024-02-24,quantile,wk inc flu hosp
40,2,0.95,518.7357822392526,2024-03-16,2024-02-24,quantile,wk inc flu hosp
41,2,0.95,143.6627780882216,2024-03-16,2024-02-24,quantile,wk inc flu hosp
42,2,0.95,974.6533114958567,2024-03-16,2024-02-24,quantile,wk inc flu hosp
44,2,0.95,94.32616967213835,2024-03-16,2024-02-24,quantile,wk inc flu hosp
45,2,0.95,256.9489711879875,2024-03-16,2024-02-24,quantile,wk inc flu hosp
46,2,0.95,116.37321186591544,2024-03-16,2024-02-24,quantile,wk inc flu hosp
47,2,0.95,339.228679973228,2024-03-16,2024-02-24,quantile,wk inc flu hosp
48,2,0.95,905.4007760767771,2024-03-16,2024-02-24,quantile,wk inc flu hosp
49,2,0.95,61.600094760447135,2024-03-16,2024-02-24,quantile,wk inc flu hosp
50,2,0.95,52.26563628702228,2024-03-16,2024-02-24,quantile,wk inc flu hosp
51,2,0.95,436.604978227635,2024-03-16,2024-02-24,quantile,wk inc flu hosp
53,2,0.95,185.474357136224,2024-03-16,2024-02-24,quantile,wk inc flu hosp
54,2,0.95,387.137475728682,2024-03-16,2024-02-24,quantile,wk inc flu hosp
55,2,0.95,360.21977386701076,2024-03-16,2024-02-24,quantile,wk inc flu hosp
56,2,0.95,145.18853583393062,2024-03-16,2024-02-24,quantile,wk inc flu hosp
72,2,0.95,169.2757955206132,2024-03-16,2024-02-24,quantile,wk inc flu hosp
US,2,0.95,14283.815582165264,2024-03-16,2024-02-24,quantile,wk inc flu hosp
01,2,0.975,357.66954558782504,2024-03-16,2024-02-24,quantile,wk inc flu hosp
02,2,0.975,31.61526614196987,2024-03-16,2024-02-24,quantile,wk inc flu hosp
04,2,0.975,347.3076762042661,2024-03-16,2024-02-24,quantile,wk inc flu hosp
05,2,0.975,347.2708783362086,2024-03-16,2024-02-24,quantile,wk inc flu hosp
06,2,0.975,750.4064692176559,2024-03-16,2024-02-24,quantile,wk inc flu hosp
08,2,0.975,225.3970335728619,2024-03-16,2024-02-24,quantile,wk inc flu hosp
09,2,0.975,282.25694175854835,2024-03-16,2024-02-24,quantile,wk inc flu hosp
10,2,0.975,165.75638615283583,2024-03-16,2024-02-24,quantile,wk inc flu hosp
11,2,0.975,75.12667913787493,2024-03-16,2024-02-24,quantile,wk inc flu hosp
12,2,0.975,1081.8969837577927,2024-03-16,2024-02-24,quantile,wk inc flu hosp
13,2,0.975,340.1185437435052,2024-03-16,2024-02-24,quantile,wk inc flu hosp
15,2,0.975,72.86410665326319,2024-03-16,2024-02-24,quantile,wk inc flu hosp
16,2,0.975,181.98482351498478,2024-03-16,2024-02-24,quantile,wk inc flu hosp
17,2,0.975,567.7645301927113,2024-03-16,2024-02-24,quantile,wk inc flu hosp
18,2,0.975,548.0085487575244,2024-03-16,2024-02-24,quantile,wk inc flu hosp
19,2,0.975,294.43390522990165,2024-03-16,2024-02-24,quantile,wk inc flu hosp
20,2,0.975,354.1685722885422,2024-03-16,2024-02-24,quantile,wk inc flu hosp
21,2,0.975,634.376965540335,2024-03-16,2024-02-24,quantile,wk inc flu hosp
22,2,0.975,217.87749510051762,2024-03-16,2024-02-24,quantile,wk inc flu hosp
23,2,0.975,242.73674275159382,2024-03-16,2024-02-24,quantile,wk inc flu hosp
24,2,0.975,257.00603581462263,2024-03-16,2024-02-24,quantile,wk inc flu hosp
25,2,0.975,894.4525227803405,2024-03-16,2024-02-24,quantile,wk inc flu hosp
26,2,0.975,1496.200785325188,2024-03-16,2024-02-24,quantile,wk inc flu hosp
27,2,0.975,308.9748745186799,2024-03-16,2024-02-24,quantile,wk inc flu hosp
28,2,0.975,190.55724956913923,2024-03-16,2024-02-24,quantile,wk inc flu hosp
29,2,0.975,615.5043508696785,2024-03-16,2024-02-24,quantile,wk inc flu hosp
30,2,0.975,33.453408181987314,2024-03-16,2024-02-24,quantile,wk inc flu hosp
31,2,0.975,147.80934071664882,2024-03-16,2024-02-24,quantile,wk inc flu hosp
32,2,0.975,161.97971418025512,2024-03-16,2024-02-24,quantile,wk inc flu hosp
33,2,0.975,125.95899148866913,2024-03-16,2024-02-24,quantile,wk inc flu hosp
34,2,0.975,775.7927025561181,2024-03-16,2024-02-24,quantile,wk inc flu hosp
35,2,0.975,216.2945621146608,2024-03-16,2024-02-24,quantile,wk inc flu hosp
36,2,0.975,1153.129461845205,2024-03-16,2024-02-24,quantile,wk inc flu hosp
37,2,0.975,452.5637973627028,2024-03-16,2024-02-24,quantile,wk inc flu hosp
38,2,0.975,100.29261451336356,2024-03-16,2024-02-24,quantile,wk inc flu hosp
39,2,0.975,814.4346800751464,2024-03-16,2024-02-24,quantile,wk inc flu hosp
40,2,0.975,593.9779102412409,2024-03-16,2024-02-24,quantile,wk inc flu hosp
41,2,0.975,167.33933930781959,2024-03-16,2024-02-24,quantile,wk inc flu hosp
42,2,0.975,1142.9778914264837,2024-03-16,2024-02-24,quantile,wk inc flu hosp
44,2,0.975,123.13570564144854,2024-03-16,2024-02-24,quantile,wk inc flu hosp
45,2,0.975,299.1895899304243,2024-03-16,2024-02-24,quantile,wk inc flu hosp
46,2,0.975,153.77775178071695,2024-03-16,2024-02-24,quantile,wk inc flu hosp
47,2,0.975,406.0627084944596,2024-03-16,2024-02-24,quantile,wk inc flu hosp
48,2,0.975,1003.093135157482,2024-03-16,2024-02-24,quantile,wk inc flu hosp
49,2,0.975,74.19332320347554,2024-03-16,2024-02-24,quantile,wk inc flu hosp
50,2,0.975,67.22951917653285,2024-03-16,2024-02-24,quantile,wk inc flu hosp
51,2,0.975,526.471938506018,2024-03-16,2024-02-24,quantile,wk inc flu hosp
53,2,0.975,219.94260920940022,2024-03-16,2024-02-24,quantile,wk inc flu hosp
54,2,0.975,431.72615335678233,2024-03-16,2024-02-24,quantile,wk inc flu hosp
55,2,0.975,397.4016594139509,2024-03-16,2024-02-24,quantile,wk inc flu hosp
56,2,0.975,187.15917277257898,2024-03-16,2024-02-24,quantile,wk inc flu hosp
72,2,0.975,185.13117837161448,2024-03-16,2024-02-24,quantile,wk inc flu hosp
US,2,0.975,15396.796125069468,2024-03-16,2024-02-24,quantile,wk inc flu hosp
01,2,0.99,441.09133678754444,2024-03-16,2024-02-24,quantile,wk inc flu hosp
02,2,0.99,43.3805836879515,2024-03-16,2024-02-24,quantile,wk inc flu hosp
04,2,0.99,481.6411674319856,2024-03-16,2024-02-24,quantile,wk inc flu hosp
05,2,0.99,407.6196985167423,2024-03-16,2024-02-24,quantile,wk inc flu hosp
06,2,0.99,931.4142603138934,2024-03-16,2024-02-24,quantile,wk inc flu hosp
08,2,0.99,262.5194340784283,2024-03-16,2024-02-24,quantile,wk inc flu hosp
09,2,0.99,324.4051359044703,2024-03-16,2024-02-24,quantile,wk inc flu hosp
10,2,0.99,211.2162322996974,2024-03-16,2024-02-24,quantile,wk inc flu hosp
11,2,0.99,91.95280260877693,2024-03-16,2024-02-24,quantile,wk inc flu hosp
12,2,0.99,1210.4747627840825,2024-03-16,2024-02-24,quantile,wk inc flu hosp
13,2,0.99,413.64162859362716,2024-03-16,2024-02-24,quantile,wk inc flu hosp
15,2,0.99,97.92023051682588,2024-03-16,2024-02-24,quantile,wk inc flu hosp
16,2,0.99,242.7090875546127,2024-03-16,2024-02-24,quantile,wk inc flu hosp
17,2,0.99,672.9631629635048,2024-03-16,2024-02-24,quantile,wk inc flu hosp
18,2,0.99,604.7225514288125,2024-03-16,2024-02-24,quantile,wk inc flu hosp
19,2,0.99,374.746473066249,2024-03-16,2024-02-24,quantile,wk inc flu hosp
20,2,0.99,397.82721520781735,2024-03-16,2024-02-24,quantile,wk inc flu hosp
21,2,0.99,776.8992567481254,2024-03-16,2024-02-24,quantile,wk inc flu hosp
22,2,0.99,255.9746083235247,2024-03-16,2024-02-24,quantile,wk inc flu hosp
23,2,0.99,305.2436757094002,2024-03-16,2024-02-24,quantile,wk inc flu hosp
24,2,0.99,292.569142824261,2024-03-16,2024-02-24,quantile,wk inc flu hosp
25,2,0.99,1012.8257987409092,2024-03-16,2024-02-24,quantile,wk inc flu hosp
26,2,0.99,1782.9936904236124,2024-03-16,2024-02-24,quantile,wk inc flu hosp
27,2,0.99,338.3416938887842,2024-03-16,2024-02-24,quantile,wk inc flu hosp
28,2,0.99,248.73600594482542,2024-03-16,2024-02-24,quantile,wk inc flu hosp
29,2,0.99,741.2457860376428,2024-03-16,2024-02-24,quantile,wk inc flu hosp
30,2,0.99,45.838712269455044,2024-03-16,2024-02-24,quantile,wk inc flu hosp
31,2,0.99,170.5422328530296,2024-03-16,2024-02-24,quantile,wk inc flu hosp
32,2,0.99,208.62829600183736,2024-03-16,2024-02-24,quantile,wk inc flu hosp
33,2,0.99,148.66210183057737,2024-03-16,2024-02-24,quantile,wk inc flu hosp
34,2,0.99,879.5305669690074,2024-03-16,2024-02-24,quantile,wk inc flu hosp
35,2,0.99,250.74988633306944,2024-03-16,2024-02-24,quantile,wk inc flu hosp
36,2,0.99,1272.7233875999714,2024-03-16,2024-02-24,quantile,wk inc flu hosp
37,2,0.99,515.3386447666315,2024-03-16,2024-02-24,quantile,wk inc flu hosp
38,2,0.99,128.50925502938833,2024-03-16,2024-02-24,quantile,wk inc flu hosp
39,2,0.99,923.9326744622957,2024-03-16,2024-02-24,quantile,wk inc flu hosp
40,2,0.99,707.2621778748882,2024-03-16,2024-02-24,quantile,wk inc flu hosp
41,2,0.99,206.42640658288934,2024-03-16,2024-02-24,quantile,wk inc flu hosp
42,2,0.99,1211.365863844576,2024-03-16,2024-02-24,quantile,wk inc flu hosp
44,2,0.99,156.17549963873665,2024-03-16,2024-02-24,quantile,wk inc flu hosp
45,2,0.99,378.4304346037157,2024-03-16,2024-02-24,quantile,wk inc flu hosp
46,2,0.99,201.9820038394836,2024-03-16,2024-02-24,quantile,wk inc flu hosp
47,2,0.99,466.49594032236473,2024-03-16,2024-02-24,quantile,wk inc flu hosp
48,2,0.99,1160.3398626942555,2024-03-16,2024-02-24,quantile,wk inc flu hosp
49,2,0.99,88.71097311030822,2024-03-16,2024-02-24,quantile,wk inc flu hosp
50,2,0.99,82.88613989518154,2024-03-16,2024-02-24,quantile,wk inc flu hosp
51,2,0.99,630.906233351841,2024-03-16,2024-02-24,quantile,wk inc flu hosp
53,2,0.99,296.30188148309867,2024-03-16,2024-02-24,quantile,wk inc flu hosp
54,2,0.99,528.4343872342223,2024-03-16,2024-02-24,quantile,wk inc flu hosp
55,2,0.99,444.4901024238465,2024-03-16,2024-02-24,quantile,wk inc flu hosp
56,2,0.99,233.10590894007095,2024-03-16,2024-02-24,quantile,wk inc flu hosp
72,2,0.99,215.0000818951816,2024-03-16,2024-02-24,quantile,wk inc flu hosp
US,2,0.99,17438.503603101122,2024-03-16,2024-02-24,quantile,wk inc flu hosp
01,3,0.01,0.0,2024-03-23,2024-02-24,quantile,wk inc flu hosp
02,3,0.01,0.0,2024-03-23,2024-02-24,quantile,wk inc flu hosp
04,3,0.01,0.0,2024-03-23,2024-02-24,quantile,wk inc flu hosp
05,3,0.01,11.3364999807223,2024-03-23,2024-02-24,quantile,wk inc flu hosp
06,3,0.01,0.0,2024-03-23,2024-02-24,quantile,wk inc flu hosp
08,3,0.01,0.0,2024-03-23,2024-02-24,quantile,wk inc flu hosp
09,3,0.01,0.0,2024-03-23,2024-02-24,quantile,wk inc flu hosp
10,3,0.01,0.0,2024-03-23,2024-02-24,quantile,wk inc flu hosp
11,3,0.01,0.0,2024-03-23,2024-02-24,quantile,wk inc flu hosp
12,3,0.01,71.8002123974057,2024-03-23,2024-02-24,quantile,wk inc flu hosp
13,3,0.01,0.0,2024-03-23,2024-02-24,quantile,wk inc flu hosp
15,3,0.01,0.0,2024-03-23,2024-02-24,quantile,wk inc flu hosp
16,3,0.01,0.0,2024-03-23,2024-02-24,quantile,wk inc flu hosp
17,3,0.01,8.394749786910385,2024-03-23,2024-02-24,quantile,wk inc flu hosp
18,3,0.01,27.122849386400393,2024-03-23,2024-02-24,quantile,wk inc flu hosp
19,3,0.01,0.0,2024-03-23,2024-02-24,quantile,wk inc flu hosp
20,3,0.01,8.210230678258846,2024-03-23,2024-02-24,quantile,wk inc flu hosp
21,3,0.01,2.8033880104847886,2024-03-23,2024-02-24,quantile,wk inc flu hosp
22,3,0.01,0.0,2024-03-23,2024-02-24,quantile,wk inc flu hosp
23,3,0.01,0.044777541985182225,2024-03-23,2024-02-24,quantile,wk inc flu hosp
24,3,0.01,1.1171138961192884,2024-03-23,2024-02-24,quantile,wk inc flu hosp
25,3,0.01,71.51995076435573,2024-03-23,2024-02-24,quantile,wk inc flu hosp
26,3,0.01,105.96692057584572,2024-03-23,2024-02-24,quantile,wk inc flu hosp
27,3,0.01,16.338513701636618,2024-03-23,2024-02-24,quantile,wk inc flu hosp
28,3,0.01,0.0,2024-03-23,2024-02-24,quantile,wk inc flu hosp
29,3,0.01,21.491561599198693,2024-03-23,2024-02-24,quantile,wk inc flu hosp
30,3,0.01,0.0,2024-03-23,2024-02-24,quantile,wk inc flu hosp
31,3,0.01,0.0,2024-03-23,2024-02-24,quantile,wk inc flu hosp
32,3,0.01,0.0,2024-03-23,2024-02-24,quantile,wk inc flu hosp
33,3,0.01,0.0,2024-03-23,2024-02-24,quantile,wk inc flu hosp
34,3,0.01,23.217021566257632,2024-03-23,2024-02-24,quantile,wk inc flu hosp
35,3,0.01,0.0,2024-03-23,2024-02-24,quantile,wk inc flu hosp
36,3,0.01,103.55092801967686,2024-03-23,2024-02-24,quantile,wk inc flu hosp
37,3,0.01,0.0,2024-03-23,2024-02-24,quantile,wk inc flu hosp
38,3,0.01,0.0,2024-03-23,2024-02-24,quantile,wk inc flu hosp
39,3,0.01,53.53060710240586,2024-03-23,2024-02-24,quantile,wk inc flu hosp
40,3,0.01,6.649375641672978,2024-03-23,2024-02-24,quantile,wk inc flu hosp
41,3,0.01,0.0,2024-03-23,2024-02-24,quantile,wk inc flu hosp
42,3,0.01,60.689767067699535,2024-03-23,2024-02-24,quantile,wk inc flu hosp
44,3,0.01,0.0,2024-03-23,2024-02-24,quantile,wk inc flu hosp
45,3,0.01,0.0,2024-03-23,2024-02-24,quantile,wk inc flu hosp
46,3,0.01,0.0,2024-03-23,2024-02-24,quantile,wk inc flu hosp
47,3,0.01,0.0,2024-03-23,2024-02-24,quantile,wk inc flu hosp
48,3,0.01,47.41952811998371,2024-03-23,2024-02-24,quantile,wk inc flu hosp
49,3,0.01,0.0,2024-03-23,2024-02-24,quantile,wk inc flu hosp
50,3,0.01,0.0,2024-03-23,2024-02-24,quantile,wk inc flu hosp
51,3,0.01,4.515688613955259,2024-03-23,2024-02-24,quantile,wk inc flu hosp
53,3,0.01,0.0,2024-03-23,2024-02-24,quantile,wk inc flu hosp
54,3,0.01,5.589393108155788,2024-03-23,2024-02-24,quantile,wk inc flu hosp
55,3,0.01,16.032292911835032,2024-03-23,2024-02-24,quantile,wk inc flu hosp
56,3,0.01,0.0,2024-03-23,2024-02-24,quantile,wk inc flu hosp
72,3,0.01,0.0,2024-03-23,2024-02-24,quantile,wk inc flu hosp
US,3,0.01,1775.472315168311,2024-03-23,2024-02-24,quantile,wk inc flu hosp
01,3,0.025,5.729901284560297,2024-03-23,2024-02-24,quantile,wk inc flu hosp
02,3,0.025,0.0,2024-03-23,2024-02-24,quantile,wk inc flu hosp
04,3,0.025,0.0,2024-03-23,2024-02-24,quantile,wk inc flu hosp
05,3,0.025,17.087115041341445,2024-03-23,2024-02-24,quantile,wk inc flu hosp
06,3,0.025,0.0,2024-03-23,2024-02-24,quantile,wk inc flu hosp
08,3,0.025,0.0,2024-03-23,2024-02-24,quantile,wk inc flu hosp
09,3,0.025,0.0,2024-03-23,2024-02-24,quantile,wk inc flu hosp
10,3,0.025,0.0,2024-03-23,2024-02-24,quantile,wk inc flu hosp
11,3,0.025,0.0,2024-03-23,2024-02-24,quantile,wk inc flu hosp
12,3,0.025,105.04411558890641,2024-03-23,2024-02-24,quantile,wk inc flu hosp
13,3,0.025,0.0,2024-03-23,2024-02-24,quantile,wk inc flu hosp
15,3,0.025,0.0,2024-03-23,2024-02-24,quantile,wk inc flu hosp
16,3,0.025,0.0,2024-03-23,2024-02-24,quantile,wk inc flu hosp
17,3,0.025,23.33156143572166,2024-03-23,2024-02-24,quantile,wk inc flu hosp
18,3,0.025,44.67229694654427,2024-03-23,2024-02-24,quantile,wk inc flu hosp
19,3,0.025,3.9388410386210064,2024-03-23,2024-02-24,quantile,wk inc flu hosp
20,3,0.025,15.167674435224889,2024-03-23,2024-02-24,quantile,wk inc flu hosp
21,3,0.025,18.28091306853022,2024-03-23,2024-02-24,quantile,wk inc flu hosp
22,3,0.025,0.0,2024-03-23,2024-02-24,quantile,wk inc flu hosp
23,3,0.025,4.022752097832874,2024-03-23,2024-02-24,quantile,wk inc flu hosp
24,3,0.025,6.521558172819036,2024-03-23,2024-02-24,quantile,wk inc flu hosp
25,3,0.025,101.64305034273211,2024-03-23,2024-02-24,quantile,wk inc flu hosp
26,3,0.025,146.20450557412371,2024-03-23,2024-02-24,quantile,wk inc flu hosp
27,3,0.025,27.17844112725297,2024-03-23,2024-02-24,quantile,wk inc flu hosp
28,3,0.025,0.0,2024-03-23,2024-02-24,quantile,wk inc flu hosp
29,3,0.025,37.10491600122743,2024-03-23,2024-02-24,quantile,wk inc flu hosp
30,3,0.025,0.0,2024-03-23,2024-02-24,quantile,wk inc flu hosp
31,3,0.025,0.4801930945262083,2024-03-23,2024-02-24,quantile,wk inc flu hosp
32,3,0.025,0.0,2024-03-23,2024-02-24,quantile,wk inc flu hosp
33,3,0.025,0.0,2024-03-23,2024-02-24,quantile,wk inc flu hosp
34,3,0.025,45.83064265932892,2024-03-23,2024-02-24,quantile,wk inc flu hosp
35,3,0.025,0.0,2024-03-23,2024-02-24,quantile,wk inc flu hosp
36,3,0.025,151.50568857308167,2024-03-23,2024-02-24,quantile,wk inc flu hosp
37,3,0.025,1.1332294691246805,2024-03-23,2024-02-24,quantile,wk inc flu hosp
38,3,0.025,0.0,2024-03-23,2024-02-24,quantile,wk inc flu hosp
39,3,0.025,71.86594812764366,2024-03-23,2024-02-24,quantile,wk inc flu hosp
40,3,0.025,17.914348592318678,2024-03-23,2024-02-24,quantile,wk inc flu hosp
41,3,0.025,0.0,2024-03-23,2024-02-24,quantile,wk inc flu hosp
42,3,0.025,112.26275698381623,2024-03-23,2024-02-24,quantile,wk inc flu hosp
44,3,0.025,0.0,2024-03-23,2024-02-24,quantile,wk inc flu hosp
45,3,0.025,8.294905619436115,2024-03-23,2024-02-24,quantile,wk inc flu hosp
46,3,0.025,0.0,2024-03-23,2024-02-24,quantile,wk inc flu hosp
47,3,0.025,5.867022724162146,2024-03-23,2024-02-24,quantile,wk inc flu hosp
48,3,0.025,101.40148236635625,2024-03-23,2024-02-24,quantile,wk inc flu hosp
49,3,0.025,0.0,2024-03-23,2024-02-24,quantile,wk inc flu hosp
50,3,0.025,0.0,2024-03-23,2024-02-24,quantile,wk inc flu hosp
51,3,0.025,14.547428921750463,2024-03-23,2024-02-24,quantile,wk inc flu hosp
53,3,0.025,0.0,2024-03-23,2024-02-24,quantile,wk inc flu hosp
54,3,0.025,13.38737320969256,2024-03-23,2024-02-24,quantile,wk inc flu hosp
55,3,0.025,22.267739210840215,2024-03-23,2024-02-24,quantile,wk inc flu hosp
56,3,0.025,0.0,2024-03-23,2024-02-24,quantile,wk inc flu hosp
72,3,0.025,0.14340289119010804,2024-03-23,2024-02-24,quantile,wk inc flu hosp
US,3,0.025,2118.9655014371324,2024-03-23,2024-02-24,quantile,wk inc flu hosp
01,3,0.05,18.25015493013307,2024-03-23,2024-02-24,quantile,wk inc flu hosp
02,3,0.05,0.0,2024-03-23,2024-02-24,quantile,wk inc flu hosp
04,3,0.05,0.0,2024-03-23,2024-02-24,quantile,wk inc flu hosp
05,3,0.05,28.01190408278535,2024-03-23,2024-02-24,quantile,wk inc flu hosp
06,3,0.05,0.0,2024-03-23,2024-02-24,quantile,wk inc flu hosp
08,3,0.05,2.681888346230551,2024-03-23,2024-02-24,quantile,wk inc flu hosp
09,3,0.05,3.862920774753393,2024-03-23,2024-02-24,quantile,wk inc flu hosp
10,3,0.05,0.0,2024-03-23,2024-02-24,quantile,wk inc flu hosp
11,3,0.05,0.0,2024-03-23,2024-02-24,quantile,wk inc flu hosp
12,3,0.05,140.1513845646063,2024-03-23,2024-02-24,quantile,wk inc flu hosp
13,3,0.05,6.695951240140273,2024-03-23,2024-02-24,quantile,wk inc flu hosp
15,3,0.05,0.0,2024-03-23,2024-02-24,quantile,wk inc flu hosp
16,3,0.05,0.0,2024-03-23,2024-02-24,quantile,wk inc flu hosp
17,3,0.05,40.797741529368736,2024-03-23,2024-02-24,quantile,wk inc flu hosp
18,3,0.05,66.08964842187169,2024-03-23,2024-02-24,quantile,wk inc flu hosp
19,3,0.05,11.221266736703251,2024-03-23,2024-02-24,quantile,wk inc flu hosp
20,3,0.05,23.98540601443705,2024-03-23,2024-02-24,quantile,wk inc flu hosp
21,3,0.05,32.65321598485197,2024-03-23,2024-02-24,quantile,wk inc flu hosp
22,3,0.05,0.0,2024-03-23,2024-02-24,quantile,wk inc flu hosp
23,3,0.05,7.051013927463667,2024-03-23,2024-02-24,quantile,wk inc flu hosp
24,3,0.05,17.191693914022668,2024-03-23,2024-02-24,quantile,wk inc flu hosp
25,3,0.05,123.56242983698175,2024-03-23,2024-02-24,quantile,wk inc flu hosp
26,3,0.05,192.66155368600334,2024-03-23,2024-02-24,quantile,wk inc flu hosp
27,3,0.05,34.5434913939392,2024-03-23,2024-02-24,quantile,wk inc flu hosp
28,3,0.05,2.012494376219961,2024-03-23,2024-02-24,quantile,wk inc flu hosp
29,3,0.05,55.1928754496495,2024-03-23,2024-02-24,quantile,wk inc flu hosp
30,3,0.05,0.0,2024-03-23,2024-02-24,quantile,wk inc flu hosp
31,3,0.05,3.6458988837707467,2024-03-23,2024-02-24,quantile,wk inc flu hosp
32,3,0.05,0.7116120940374308,2024-03-23,2024-02-24,quantile,wk inc flu hosp
33,3,0.05,0.11951272669244568,2024-03-23,2024-02-24,quantile,wk inc flu hosp
34,3,0.05,60.231917077515625,2024-03-23,2024-02-24,quantile,wk inc flu hosp
35,3,0.05,2.1543251785524156,2024-03-23,2024-02-24,quantile,wk inc flu hosp
36,3,0.05,194.80262624934267,2024-03-23,2024-02-24,quantile,wk inc flu hosp
37,3,0.05,11.08430289986846,2024-03-23,2024-02-24,quantile,wk inc flu hosp
38,3,0.05,0.0,2024-03-23,2024-02-24,quantile,wk inc flu hosp
39,3,0.05,96.80498280437423,2024-03-23,2024-02-24,quantile,wk inc flu hosp
40,3,0.05,27.375793240646665,2024-03-23,2024-02-24,quantile,wk inc flu hosp
41,3,0.05,0.0,2024-03-23,2024-02-24,quantile,wk inc flu hosp
42,3,0.05,150.58954716256633,2024-03-23,2024-02-24,quantile,wk inc flu hosp
44,3,0.05,0.0,2024-03-23,2024-02-24,quantile,wk inc flu hosp
45,3,0.05,16.271001131411452,2024-03-23,2024-02-24,quantile,wk inc flu hosp
46,3,0.05,0.0,2024-03-23,2024-02-24,quantile,wk inc flu hosp
47,3,0.05,17.07929437328266,2024-03-23,2024-02-24,quantile,wk inc flu hosp
48,3,0.05,144.11771040740516,2024-03-23,2024-02-24,quantile,wk inc flu hosp
49,3,0.05,0.0,2024-03-23,2024-02-24,quantile,wk inc flu hosp
50,3,0.05,0.0,2024-03-23,2024-02-24,quantile,wk inc flu hosp
51,3,0.05,26.44433033469551,2024-03-23,2024-02-24,quantile,wk inc flu hosp
53,3,0.05,0.0,2024-03-23,2024-02-24,quantile,wk inc flu hosp
54,3,0.05,21.01035571737789,2024-03-23,2024-02-24,quantile,wk inc flu hosp
55,3,0.05,36.90296309867616,2024-03-23,2024-02-24,quantile,wk inc flu hosp
56,3,0.05,0.9049066633438506,2024-03-23,2024-02-24,quantile,wk inc flu hosp
72,3,0.05,4.164335655023408,2024-03-23,2024-02-24,quantile,wk inc flu hosp
US,3,0.05,2875.089210236199,2024-03-23,2024-02-24,quantile,wk inc flu hosp
01,3,0.1,29.146296599861888,2024-03-23,2024-02-24,quantile,wk inc flu hosp
02,3,0.1,0.0,2024-03-23,2024-02-24,quantile,wk inc flu hosp
04,3,0.1,3.2839897591860527,2024-03-23,2024-02-24,quantile,wk inc flu hosp
05,3,0.1,39.00187161562818,2024-03-23,2024-02-24,quantile,wk inc flu hosp
06,3,0.1,13.824335810087968,2024-03-23,2024-02-24,quantile,wk inc flu hosp
08,3,0.1,10.92754561385704,2024-03-23,2024-02-24,quantile,wk inc flu hosp
09,3,0.1,10.674637969616423,2024-03-23,2024-02-24,quantile,wk inc flu hosp
10,3,0.1,3.1223624283579188,2024-03-23,2024-02-24,quantile,wk inc flu hosp
11,3,0.1,1.1403615008608814,2024-03-23,2024-02-24,quantile,wk inc flu hosp
12,3,0.1,187.32649430115123,2024-03-23,2024-02-24,quantile,wk inc flu hosp
13,3,0.1,21.051092069555736,2024-03-23,2024-02-24,quantile,wk inc flu hosp
15,3,0.1,0.0,2024-03-23,2024-02-24,quantile,wk inc flu hosp
16,3,0.1,1.8332685376387157,2024-03-23,2024-02-24,quantile,wk inc flu hosp
17,3,0.1,64.63605840840879,2024-03-23,2024-02-24,quantile,wk inc flu hosp
18,3,0.1,87.66567804919116,2024-03-23,2024-02-24,quantile,wk inc flu hosp
19,3,0.1,20.383274838813712,2024-03-23,2024-02-24,quantile,wk inc flu hosp
20,3,0.1,38.383764026741524,2024-03-23,2024-02-24,quantile,wk inc flu hosp
21,3,0.1,54.593363626483324,2024-03-23,2024-02-24,quantile,wk inc flu hosp
22,3,0.1,6.979895418255972,2024-03-23,2024-02-24,quantile,wk inc flu hosp
23,3,0.1,12.98878144277015,2024-03-23,2024-02-24,quantile,wk inc flu hosp
24,3,0.1,29.983961024632194,2024-03-23,2024-02-24,quantile,wk inc flu hosp
25,3,0.1,158.81214665822893,2024-03-23,2024-02-24,quantile,wk inc flu hosp
26,3,0.1,246.83501719645403,2024-03-23,2024-02-24,quantile,wk inc flu hosp
27,3,0.1,47.19487751204999,2024-03-23,2024-02-24,quantile,wk inc flu hosp
28,3,0.1,7.710929783766733,2024-03-23,2024-02-24,quantile,wk inc flu hosp
29,3,0.1,81.60515996657608,2024-03-23,2024-02-24,quantile,wk inc flu hosp
30,3,0.1,0.0,2024-03-23,2024-02-24,quantile,wk inc flu hosp
31,3,0.1,7.7514885958625985,2024-03-23,2024-02-24,quantile,wk inc flu hosp
32,3,0.1,6.642015737036889,2024-03-23,2024-02-24,quantile,wk inc flu hosp
33,3,0.1,3.66497618101091,2024-03-23,2024-02-24,quantile,wk inc flu hosp
34,3,0.1,90.37999951388714,2024-03-23,2024-02-24,quantile,wk inc flu hosp
35,3,0.1,10.370215924493547,2024-03-23,2024-02-24,quantile,wk inc flu hosp
36,3,0.1,249.7969145762928,2024-03-23,2024-02-24,quantile,wk inc flu hosp
37,3,0.1,28.206247105769744,2024-03-23,2024-02-24,quantile,wk inc flu hosp
38,3,0.1,0.0,2024-03-23,2024-02-24,quantile,wk inc flu hosp
39,3,0.1,130.8946179317412,2024-03-23,2024-02-24,quantile,wk inc flu hosp
40,3,0.1,44.76710722714071,2024-03-23,2024-02-24,quantile,wk inc flu hosp
41,3,0.1,0.0,2024-03-23,2024-02-24,quantile,wk inc flu hosp
42,3,0.1,190.33942817708245,2024-03-23,2024-02-24,quantile,wk inc flu hosp
44,3,0.1,2.046457163144577,2024-03-23,2024-02-24,quantile,wk inc flu hosp
45,3,0.1,27.11288376571909,2024-03-23,2024-02-24,quantile,wk inc flu hosp
46,3,0.1,1.5205021413721174,2024-03-23,2024-02-24,quantile,wk inc flu hosp
47,3,0.1,32.44959617584395,2024-03-23,2024-02-24,quantile,wk inc flu hosp
48,3,0.1,196.78218672734272,2024-03-23,2024-02-24,quantile,wk inc flu hosp
49,3,0.1,0.0,2024-03-23,2024-02-24,quantile,wk inc flu hosp
50,3,0.1,0.32112108753551305,2024-03-23,2024-02-24,quantile,wk inc flu hosp
51,3,0.1,45.70971302618014,2024-03-23,2024-02-24,quantile,wk inc flu hosp
53,3,0.1,1.0529156461354396,2024-03-23,2024-02-24,quantile,wk inc flu hosp
54,3,0.1,32.96510545872174,2024-03-23,2024-02-24,quantile,wk inc flu hosp
55,3,0.1,50.73547110179049,2024-03-23,2024-02-24,quantile,wk inc flu hosp
56,3,0.1,3.6787290844943614,2024-03-23,2024-02-24,quantile,wk inc flu hosp
72,3,0.1,11.160559643751078,2024-03-23,2024-02-24,quantile,wk inc flu hosp
US,3,0.1,3673.9559143944794,2024-03-23,2024-02-24,quantile,wk inc flu hosp
01,3,0.15,39.55594087433878,2024-03-23,2024-02-24,quantile,wk inc flu hosp
02,3,0.15,0.0,2024-03-23,2024-02-24,quantile,wk inc flu hosp
04,3,0.15,13.375116257841979,2024-03-23,2024-02-24,quantile,wk inc flu hosp
05,3,0.15,48.872771972599224,2024-03-23,2024-02-24,quantile,wk inc flu hosp
06,3,0.15,41.180340175134965,2024-03-23,2024-02-24,quantile,wk inc flu hosp
08,3,0.15,18.043060957706793,2024-03-23,2024-02-24,quantile,wk inc flu hosp
09,3,0.15,20.030060798890226,2024-03-23,2024-02-24,quantile,wk inc flu hosp
10,3,0.15,5.830151463463168,2024-03-23,2024-02-24,quantile,wk inc flu hosp
11,3,0.15,2.7697087403955822,2024-03-23,2024-02-24,quantile,wk inc flu hosp
12,3,0.15,226.0696883654117,2024-03-23,2024-02-24,quantile,wk inc flu hosp
13,3,0.15,29.648051166662324,2024-03-23,2024-02-24,quantile,wk inc flu hosp
15,3,0.15,0.0,2024-03-23,2024-02-24,quantile,wk inc flu hosp
16,3,0.15,5.878373263163435,2024-03-23,2024-02-24,quantile,wk inc flu hosp
17,3,0.15,91.40680198682809,2024-03-23,2024-02-24,quantile,wk inc flu hosp
18,3,0.15,103.65488467574205,2024-03-23,2024-02-24,quantile,wk inc flu hosp
19,3,0.15,29.36612180916744,2024-03-23,2024-02-24,quantile,wk inc flu hosp
20,3,0.15,47.47834936748591,2024-03-23,2024-02-24,quantile,wk inc flu hosp
21,3,0.15,72.04315829965415,2024-03-23,2024-02-24,quantile,wk inc flu hosp
22,3,0.15,14.053403502582894,2024-03-23,2024-02-24,quantile,wk inc flu hosp
23,3,0.15,18.154858960289893,2024-03-23,2024-02-24,quantile,wk inc flu hosp
24,3,0.15,38.14946136426603,2024-03-23,2024-02-24,quantile,wk inc flu hosp
25,3,0.15,186.14889968654293,2024-03-23,2024-02-24,quantile,wk inc flu hosp
26,3,0.15,298.90614725295956,2024-03-23,2024-02-24,quantile,wk inc flu hosp
27,3,0.15,56.97523086898168,2024-03-23,2024-02-24,quantile,wk inc flu hosp
28,3,0.15,13.340372357515427,2024-03-23,2024-02-24,quantile,wk inc flu hosp
29,3,0.15,104.8676437829912,2024-03-23,2024-02-24,quantile,wk inc flu hosp
30,3,0.15,0.0,2024-03-23,2024-02-24,quantile,wk inc flu hosp
31,3,0.15,12.511625645907424,2024-03-23,2024-02-24,quantile,wk inc flu hosp
32,3,0.15,11.629116119503612,2024-03-23,2024-02-24,quantile,wk inc flu hosp
33,3,0.15,6.057410859199435,2024-03-23,2024-02-24,quantile,wk inc flu hosp
34,3,0.15,109.99879778824285,2024-03-23,2024-02-24,quantile,wk inc flu hosp
35,3,0.15,15.996939707834711,2024-03-23,2024-02-24,quantile,wk inc flu hosp
36,3,0.15,287.2633184682356,2024-03-23,2024-02-24,quantile,wk inc flu hosp
37,3,0.15,40.74918551510495,2024-03-23,2024-02-24,quantile,wk inc flu hosp
38,3,0.15,0.8637010478309852,2024-03-23,2024-02-24,quantile,wk inc flu hosp
39,3,0.15,163.14908909045116,2024-03-23,2024-02-24,quantile,wk inc flu hosp
40,3,0.15,59.60112894699988,2024-03-23,2024-02-24,quantile,wk inc flu hosp
41,3,0.15,3.105126893320358,2024-03-23,2024-02-24,quantile,wk inc flu hosp
42,3,0.15,222.65909518127987,2024-03-23,2024-02-24,quantile,wk inc flu hosp
44,3,0.15,4.240328508660856,2024-03-23,2024-02-24,quantile,wk inc flu hosp
45,3,0.15,37.759131011492315,2024-03-23,2024-02-24,quantile,wk inc flu hosp
46,3,0.15,3.77310680327715,2024-03-23,2024-02-24,quantile,wk inc flu hosp
47,3,0.15,46.8976750360541,2024-03-23,2024-02-24,quantile,wk inc flu hosp
48,3,0.15,231.69557571429178,2024-03-23,2024-02-24,quantile,wk inc flu hosp
49,3,0.15,0.0,2024-03-23,2024-02-24,quantile,wk inc flu hosp
50,3,0.15,1.5110641804658258,2024-03-23,2024-02-24,quantile,wk inc flu hosp
51,3,0.15,62.21476940399575,2024-03-23,2024-02-24,quantile,wk inc flu hosp
53,3,0.15,7.0330507856403806,2024-03-23,2024-02-24,quantile,wk inc flu hosp
54,3,0.15,45.73798446089424,2024-03-23,2024-02-24,quantile,wk inc flu hosp
55,3,0.15,67.41501333421073,2024-03-23,2024-02-24,quantile,wk inc flu hosp
56,3,0.15,6.081451453201556,2024-03-23,2024-02-24,quantile,wk inc flu hosp
72,3,0.15,16.77570665758957,2024-03-23,2024-02-24,quantile,wk inc flu hosp
US,3,0.15,4257.070265005175,2024-03-23,2024-02-24,quantile,wk inc flu hosp
01,3,0.2,47.31891408987255,2024-03-23,2024-02-24,quantile,wk inc flu hosp
02,3,0.2,0.0,2024-03-23,2024-02-24,quantile,wk inc flu hosp
04,3,0.2,24.545948599611307,2024-03-23,2024-02-24,quantile,wk inc flu hosp
05,3,0.2,57.15512322717002,2024-03-23,2024-02-24,quantile,wk inc flu hosp
06,3,0.2,62.58575572720788,2024-03-23,2024-02-24,quantile,wk inc flu hosp
08,3,0.2,23.84876543027076,2024-03-23,2024-02-24,quantile,wk inc flu hosp
09,3,0.2,27.332156861055218,2024-03-23,2024-02-24,quantile,wk inc flu hosp
10,3,0.2,8.635116236276026,2024-03-23,2024-02-24,quantile,wk inc flu hosp
11,3,0.2,4.534448319136065,2024-03-23,2024-02-24,quantile,wk inc flu hosp
12,3,0.2,249.96947180611463,2024-03-23,2024-02-24,quantile,wk inc flu hosp
13,3,0.2,40.772930325297985,2024-03-23,2024-02-24,quantile,wk inc flu hosp
15,3,0.2,0.0,2024-03-23,2024-02-24,quantile,wk inc flu hosp
16,3,0.2,9.657608160643933,2024-03-23,2024-02-24,quantile,wk inc flu hosp
17,3,0.2,105.91031351746203,2024-03-23,2024-02-24,quantile,wk inc flu hosp
18,3,0.2,119.4128137288925,2024-03-23,2024-02-24,quantile,wk inc flu hosp
19,3,0.2,37.79417678292171,2024-03-23,2024-02-24,quantile,wk inc flu hosp
20,3,0.2,56.15965369817329,2024-03-23,2024-02-24,quantile,wk inc flu hosp
21,3,0.2,89.37765581186837,2024-03-23,2024-02-24,quantile,wk inc flu hosp
22,3,0.2,21.658458725307156,2024-03-23,2024-02-24,quantile,wk inc flu hosp
23,3,0.2,24.63428679051389,2024-03-23,2024-02-24,quantile,wk inc flu hosp
24,3,0.2,46.06770347782445,2024-03-23,2024-02-24,quantile,wk inc flu hosp
25,3,0.2,216.00753891546833,2024-03-23,2024-02-24,quantile,wk inc flu hosp
26,3,0.2,333.7887296403765,2024-03-23,2024-02-24,quantile,wk inc flu hosp
27,3,0.2,67.32929139422707,2024-03-23,2024-02-24,quantile,wk inc flu hosp
28,3,0.2,17.344578163106462,2024-03-23,2024-02-24,quantile,wk inc flu hosp
29,3,0.2,120.17747568676025,2024-03-23,2024-02-24,quantile,wk inc flu hosp
30,3,0.2,0.0,2024-03-23,2024-02-24,quantile,wk inc flu hosp
31,3,0.2,16.00760948804394,2024-03-23,2024-02-24,quantile,wk inc flu hosp
32,3,0.2,17.261147728558313,2024-03-23,2024-02-24,quantile,wk inc flu hosp
33,3,0.2,9.369901772775906,2024-03-23,2024-02-24,quantile,wk inc flu hosp
34,3,0.2,135.54200876139583,2024-03-23,2024-02-24,quantile,wk inc flu hosp
35,3,0.2,19.68423961599731,2024-03-23,2024-02-24,quantile,wk inc flu hosp
36,3,0.2,324.9910261136968,2024-03-23,2024-02-24,quantile,wk inc flu hosp
37,3,0.2,52.437891184947304,2024-03-23,2024-02-24,quantile,wk inc flu hosp
38,3,0.2,2.4158121270429898,2024-03-23,2024-02-24,quantile,wk inc flu hosp
39,3,0.2,189.62711200242845,2024-03-23,2024-02-24,quantile,wk inc flu hosp
40,3,0.2,76.86712367765588,2024-03-23,2024-02-24,quantile,wk inc flu hosp
41,3,0.2,7.97707878753705,2024-03-23,2024-02-24,quantile,wk inc flu hosp
42,3,0.2,254.20244918178872,2024-03-23,2024-02-24,quantile,wk inc flu hosp
44,3,0.2,6.7386962925091565,2024-03-23,2024-02-24,quantile,wk inc flu hosp
45,3,0.2,47.35064344678348,2024-03-23,2024-02-24,quantile,wk inc flu hosp
46,3,0.2,6.252510079454001,2024-03-23,2024-02-24,quantile,wk inc flu hosp
47,3,0.2,56.302202700429326,2024-03-23,2024-02-24,quantile,wk inc flu hosp
48,3,0.2,256.7561058746159,2024-03-23,2024-02-24,quantile,wk inc flu hosp
49,3,0.2,0.39248276769477736,2024-03-23,2024-02-24,quantile,wk inc flu hosp
50,3,0.2,2.335139244292401,2024-03-23,2024-02-24,quantile,wk inc flu hosp
51,3,0.2,79.4968246577426,2024-03-23,2024-02-24,quantile,wk inc flu hosp
53,3,0.2,13.218734744303076,2024-03-23,2024-02-24,quantile,wk inc flu hosp
54,3,0.2,58.06840443829312,2024-03-23,2024-02-24,quantile,wk inc flu hosp
55,3,0.2,79.12117196976175,2024-03-23,2024-02-24,quantile,wk inc flu hosp
56,3,0.2,9.273080279900679,2024-03-23,2024-02-24,quantile,wk inc flu hosp
72,3,0.2,23.666472187990788,2024-03-23,2024-02-24,quantile,wk inc flu hosp
US,3,0.2,4766.129062087556,2024-03-23,2024-02-24,quantile,wk inc flu hosp
01,3,0.25,55.82051990417881,2024-03-23,2024-02-24,quantile,wk inc flu hosp
02,3,0.25,0.0,2024-03-23,2024-02-24,quantile,wk inc flu hosp
04,3,0.25,33.56829894042984,2024-03-23,2024-02-24,quantile,wk inc flu hosp
05,3,0.25,64.89189630930684,2024-03-23,2024-02-24,quantile,wk inc flu hosp
06,3,0.25,88.34925959084266,2024-03-23,2024-02-24,quantile,wk inc flu hosp
08,3,0.25,32.963160317918536,2024-03-23,2024-02-24,quantile,wk inc flu hosp
09,3,0.25,35.938840312215945,2024-03-23,2024-02-24,quantile,wk inc flu hosp
10,3,0.25,11.123660427678498,2024-03-23,2024-02-24,quantile,wk inc flu hosp
11,3,0.25,6.164144160178695,2024-03-23,2024-02-24,quantile,wk inc flu hosp
12,3,0.25,286.04071637016165,2024-03-23,2024-02-24,quantile,wk inc flu hosp
13,3,0.25,52.151890023985224,2024-03-23,2024-02-24,quantile,wk inc flu hosp
15,3,0.25,0.0,2024-03-23,2024-02-24,quantile,wk inc flu hosp
16,3,0.25,14.059762526010038,2024-03-23,2024-02-24,quantile,wk inc flu hosp
17,3,0.25,121.55476511773647,2024-03-23,2024-02-24,quantile,wk inc flu hosp
18,3,0.25,135.73515011507442,2024-03-23,2024-02-24,quantile,wk inc flu hosp
19,3,0.25,46.679556175423556,2024-03-23,2024-02-24,quantile,wk inc flu hosp
20,3,0.25,66.73379734919816,2024-03-23,2024-02-24,quantile,wk inc flu hosp
21,3,0.25,102.95367940069126,2024-03-23,2024-02-24,quantile,wk inc flu hosp
22,3,0.25,25.786387580621135,2024-03-23,2024-02-24,quantile,wk inc flu hosp
23,3,0.25,31.125828411888378,2024-03-23,2024-02-24,quantile,wk inc flu hosp
24,3,0.25,53.46453134109317,2024-03-23,2024-02-24,quantile,wk inc flu hosp
25,3,0.25,235.96105110524465,2024-03-23,2024-02-24,quantile,wk inc flu hosp
26,3,0.25,373.5492544538336,2024-03-23,2024-02-24,quantile,wk inc flu hosp
27,3,0.25,74.52692395423685,2024-03-23,2024-02-24,quantile,wk inc flu hosp
28,3,0.25,23.509216704439517,2024-03-23,2024-02-24,quantile,wk inc flu hosp
29,3,0.25,139.38189034476255,2024-03-23,2024-02-24,quantile,wk inc flu hosp
30,3,0.25,0.0,2024-03-23,2024-02-24,quantile,wk inc flu hosp
31,3,0.25,19.775913393563915,2024-03-23,2024-02-24,quantile,wk inc flu hosp
32,3,0.25,23.045414567946793,2024-03-23,2024-02-24,quantile,wk inc flu hosp
33,3,0.25,12.126528178374011,2024-03-23,2024-02-24,quantile,wk inc flu hosp
34,3,0.25,152.2180034956795,2024-03-23,2024-02-24,quantile,wk inc flu hosp
35,3,0.25,24.400049144488257,2024-03-23,2024-02-24,quantile,wk inc flu hosp
36,3,0.25,355.26346844867015,2024-03-23,2024-02-24,quantile,wk inc flu hosp
37,3,0.25,62.48788892363776,2024-03-23,2024-02-24,quantile,wk inc flu hosp
38,3,0.25,3.720615069290454,2024-03-23,2024-02-24,quantile,wk inc flu hosp
39,3,0.25,211.88997057748477,2024-03-23,2024-02-24,quantile,wk inc flu hosp
40,3,0.25,93.3972106352799,2024-03-23,2024-02-24,quantile,wk inc flu hosp
41,3,0.25,11.63878207855141,2024-03-23,2024-02-24,quantile,wk inc flu hosp
42,3,0.25,284.1692986206823,2024-03-23,2024-02-24,quantile,wk inc flu hosp
44,3,0.25,9.322195783930695,2024-03-23,2024-02-24,quantile,wk inc flu hosp
45,3,0.25,55.85957969399612,2024-03-23,2024-02-24,quantile,wk inc flu hosp
46,3,0.25,9.311998787241759,2024-03-23,2024-02-24,quantile,wk inc flu hosp
47,3,0.25,69.8836008328393,2024-03-23,2024-02-24,quantile,wk inc flu hosp
48,3,0.25,287.4102106851243,2024-03-23,2024-02-24,quantile,wk inc flu hosp
49,3,0.25,2.4594411778930505,2024-03-23,2024-02-24,quantile,wk inc flu hosp
50,3,0.25,3.8437964297744958,2024-03-23,2024-02-24,quantile,wk inc flu hosp
51,3,0.25,92.49700900336599,2024-03-23,2024-02-24,quantile,wk inc flu hosp
53,3,0.25,19.78759593092518,2024-03-23,2024-02-24,quantile,wk inc flu hosp
54,3,0.25,69.44919401884299,2024-03-23,2024-02-24,quantile,wk inc flu hosp
55,3,0.25,91.46651897937659,2024-03-23,2024-02-24,quantile,wk inc flu hosp
56,3,0.25,13.101793112040216,2024-03-23,2024-02-24,quantile,wk inc flu hosp
72,3,0.25,28.89290330915473,2024-03-23,2024-02-24,quantile,wk inc flu hosp
US,3,0.25,5263.674492883872,2024-03-23,2024-02-24,quantile,wk inc flu hosp
01,3,0.3,66.3507851904151,2024-03-23,2024-02-24,quantile,wk inc flu hosp
02,3,0.3,0.0,2024-03-23,2024-02-24,quantile,wk inc flu hosp
04,3,0.3,43.301949103799046,2024-03-23,2024-02-24,quantile,wk inc flu hosp
05,3,0.3,72.4906418239674,2024-03-23,2024-02-24,quantile,wk inc flu hosp
06,3,0.3,108.14131993337845,2024-03-23,2024-02-24,quantile,wk inc flu hosp
08,3,0.3,41.225478741188205,2024-03-23,2024-02-24,quantile,wk inc flu hosp
09,3,0.3,41.656180116457236,2024-03-23,2024-02-24,quantile,wk inc flu hosp
10,3,0.3,14.093592066135708,2024-03-23,2024-02-24,quantile,wk inc flu hosp
11,3,0.3,8.290891017462817,2024-03-23,2024-02-24,quantile,wk inc flu hosp
12,3,0.3,312.37878828263956,2024-03-23,2024-02-24,quantile,wk inc flu hosp
13,3,0.3,62.954056329694474,2024-03-23,2024-02-24,quantile,wk inc flu hosp
15,3,0.3,0.6227812509543493,2024-03-23,2024-02-24,quantile,wk inc flu hosp
16,3,0.3,17.411737975926638,2024-03-23,2024-02-24,quantile,wk inc flu hosp
17,3,0.3,140.5247948648691,2024-03-23,2024-02-24,quantile,wk inc flu hosp
18,3,0.3,148.97560619923934,2024-03-23,2024-02-24,quantile,wk inc flu hosp
19,3,0.3,53.99001259382195,2024-03-23,2024-02-24,quantile,wk inc flu hosp
20,3,0.3,73.3096771838848,2024-03-23,2024-02-24,quantile,wk inc flu hosp
21,3,0.3,121.47056893208936,2024-03-23,2024-02-24,quantile,wk inc flu hosp
22,3,0.3,30.160206219956834,2024-03-23,2024-02-24,quantile,wk inc flu hosp
23,3,0.3,36.635943774049366,2024-03-23,2024-02-24,quantile,wk inc flu hosp
24,3,0.3,61.06831950157814,2024-03-23,2024-02-24,quantile,wk inc flu hosp
25,3,0.3,263.9147939758892,2024-03-23,2024-02-24,quantile,wk inc flu hosp
26,3,0.3,416.7993492617513,2024-03-23,2024-02-24,quantile,wk inc flu hosp
27,3,0.3,82.57988555814379,2024-03-23,2024-02-24,quantile,wk inc flu hosp
28,3,0.3,28.44470056559145,2024-03-23,2024-02-24,quantile,wk inc flu hosp
29,3,0.3,151.93713655733123,2024-03-23,2024-02-24,quantile,wk inc flu hosp
30,3,0.3,0.0,2024-03-23,2024-02-24,quantile,wk inc flu hosp
31,3,0.3,23.37604423648845,2024-03-23,2024-02-24,quantile,wk inc flu hosp
32,3,0.3,27.582578180584317,2024-03-23,2024-02-24,quantile,wk inc flu hosp
33,3,0.3,15.20094959858458,2024-03-23,2024-02-24,quantile,wk inc flu hosp
34,3,0.3,178.10674244462382,2024-03-23,2024-02-24,quantile,wk inc flu hosp
35,3,0.3,29.141230485608222,2024-03-23,2024-02-24,quantile,wk inc flu hosp
36,3,0.3,384.4774900408498,2024-03-23,2024-02-24,quantile,wk inc flu hosp
37,3,0.3,77.1322688656996,2024-03-23,2024-02-24,quantile,wk inc flu hosp
38,3,0.3,5.6420428447122175,2024-03-23,2024-02-24,quantile,wk inc flu hosp
39,3,0.3,233.11765240099083,2024-03-23,2024-02-24,quantile,wk inc flu hosp
40,3,0.3,108.79920224831747,2024-03-23,2024-02-24,quantile,wk inc flu hosp
41,3,0.3,16.918021143009526,2024-03-23,2024-02-24,quantile,wk inc flu hosp
42,3,0.3,321.0750044831269,2024-03-23,2024-02-24,quantile,wk inc flu hosp
44,3,0.3,11.697881726872195,2024-03-23,2024-02-24,quantile,wk inc flu hosp
45,3,0.3,63.17021228487545,2024-03-23,2024-02-24,quantile,wk inc flu hosp
46,3,0.3,11.579207235433536,2024-03-23,2024-02-24,quantile,wk inc flu hosp
47,3,0.3,78.06098463116577,2024-03-23,2024-02-24,quantile,wk inc flu hosp
48,3,0.3,310.7625116100361,2024-03-23,2024-02-24,quantile,wk inc flu hosp
49,3,0.3,4.7743554926786995,2024-03-23,2024-02-24,quantile,wk inc flu hosp
50,3,0.3,5.021870099927851,2024-03-23,2024-02-24,quantile,wk inc flu hosp
51,3,0.3,104.4707824142488,2024-03-23,2024-02-24,quantile,wk inc flu hosp
53,3,0.3,24.120929823393425,2024-03-23,2024-02-24,quantile,wk inc flu hosp
54,3,0.3,81.6526931373867,2024-03-23,2024-02-24,quantile,wk inc flu hosp
55,3,0.3,101.35444307835564,2024-03-23,2024-02-24,quantile,wk inc flu hosp
56,3,0.3,16.42490710440042,2024-03-23,2024-02-24,quantile,wk inc flu hosp
72,3,0.3,34.30020051946809,2024-03-23,2024-02-24,quantile,wk inc flu hosp
US,3,0.3,5763.82521876791,2024-03-23,2024-02-24,quantile,wk inc flu hosp
01,3,0.35,78.04931193546525,2024-03-23,2024-02-24,quantile,wk inc flu hosp
02,3,0.35,0.0,2024-03-23,2024-02-24,quantile,wk inc flu hosp
04,3,0.35,52.59909503725553,2024-03-23,2024-02-24,quantile,wk inc flu hosp
05,3,0.35,80.25130950646152,2024-03-23,2024-02-24,quantile,wk inc flu hosp
06,3,0.35,134.0565048707578,2024-03-23,2024-02-24,quantile,wk inc flu hosp
08,3,0.35,46.38404847084219,2024-03-23,2024-02-24,quantile,wk inc flu hosp
09,3,0.35,47.972988880070375,2024-03-23,2024-02-24,quantile,wk inc flu hosp
10,3,0.35,16.554897869915756,2024-03-23,2024-02-24,quantile,wk inc flu hosp
11,3,0.35,9.984239252651554,2024-03-23,2024-02-24,quantile,wk inc flu hosp
12,3,0.35,336.92847545795917,2024-03-23,2024-02-24,quantile,wk inc flu hosp
13,3,0.35,72.66958118246019,2024-03-23,2024-02-24,quantile,wk inc flu hosp
15,3,0.35,2.239733421032119,2024-03-23,2024-02-24,quantile,wk inc flu hosp
16,3,0.35,21.70269807725783,2024-03-23,2024-02-24,quantile,wk inc flu hosp
17,3,0.35,156.39178358662954,2024-03-23,2024-02-24,quantile,wk inc flu hosp
18,3,0.35,163.77642383473253,2024-03-23,2024-02-24,quantile,wk inc flu hosp
19,3,0.35,60.038802260022074,2024-03-23,2024-02-24,quantile,wk inc flu hosp
20,3,0.35,82.72004093497353,2024-03-23,2024-02-24,quantile,wk inc flu hosp
21,3,0.35,136.74473277862663,2024-03-23,2024-02-24,quantile,wk inc flu hosp
22,3,0.35,36.550727803709485,2024-03-23,2024-02-24,quantile,wk inc flu hosp
23,3,0.35,43.6462712045492,2024-03-23,2024-02-24,quantile,wk inc flu hosp
24,3,0.35,67.90760339888716,2024-03-23,2024-02-24,quantile,wk inc flu hosp
25,3,0.35,288.0331846875782,2024-03-23,2024-02-24,quantile,wk inc flu hosp
26,3,0.35,444.3873445162464,2024-03-23,2024-02-24,quantile,wk inc flu hosp
27,3,0.35,89.88971946693071,2024-03-23,2024-02-24,quantile,wk inc flu hosp
28,3,0.35,33.1385976592129,2024-03-23,2024-02-24,quantile,wk inc flu hosp
29,3,0.35,166.69605525690605,2024-03-23,2024-02-24,quantile,wk inc flu hosp
30,3,0.35,0.0,2024-03-23,2024-02-24,quantile,wk inc flu hosp
31,3,0.35,27.269669743114253,2024-03-23,2024-02-24,quantile,wk inc flu hosp
32,3,0.35,31.96914637089203,2024-03-23,2024-02-24,quantile,wk inc flu hosp
33,3,0.35,17.700452361894474,2024-03-23,2024-02-24,quantile,wk inc flu hosp
34,3,0.35,192.6401128172363,2024-03-23,2024-02-24,quantile,wk inc flu hosp
35,3,0.35,34.24691419124662,2024-03-23,2024-02-24,quantile,wk inc flu hosp
36,3,0.35,413.088714216566,2024-03-23,2024-02-24,quantile,wk inc flu hosp
37,3,0.35,94.81433722369151,2024-03-23,2024-02-24,quantile,wk inc flu hosp
38,3,0.35,8.023362799414517,2024-03-23,2024-02-24,quantile,wk inc flu hosp
39,3,0.35,250.91364152412453,2024-03-23,2024-02-24,quantile,wk inc flu hosp
40,3,0.35,121.02676466611801,2024-03-23,2024-02-24,quantile,wk inc flu hosp
41,3,0.35,22.02438777181875,2024-03-23,2024-02-24,quantile,wk inc flu hosp
42,3,0.35,349.47280196952937,2024-03-23,2024-02-24,quantile,wk inc flu hosp
44,3,0.35,14.021762792885788,2024-03-23,2024-02-24,quantile,wk inc flu hosp
45,3,0.35,71.22400134650766,2024-03-23,2024-02-24,quantile,wk inc flu hosp
46,3,0.35,15.018184461257647,2024-03-23,2024-02-24,quantile,wk inc flu hosp
47,3,0.35,88.50217020092725,2024-03-23,2024-02-24,quantile,wk inc flu hosp
48,3,0.35,340.3792190839953,2024-03-23,2024-02-24,quantile,wk inc flu hosp
49,3,0.35,6.605587196834823,2024-03-23,2024-02-24,quantile,wk inc flu hosp
50,3,0.35,6.561329871382492,2024-03-23,2024-02-24,quantile,wk inc flu hosp
51,3,0.35,117.79157789173513,2024-03-23,2024-02-24,quantile,wk inc flu hosp
53,3,0.35,32.66336067934291,2024-03-23,2024-02-24,quantile,wk inc flu hosp
54,3,0.35,92.69434505323345,2024-03-23,2024-02-24,quantile,wk inc flu hosp
55,3,0.35,111.55187365572966,2024-03-23,2024-02-24,quantile,wk inc flu hosp
56,3,0.35,19.783450184592322,2024-03-23,2024-02-24,quantile,wk inc flu hosp
72,3,0.35,39.06530861285965,2024-03-23,2024-02-24,quantile,wk inc flu hosp
US,3,0.35,6191.503063724062,2024-03-23,2024-02-24,quantile,wk inc flu hosp
01,3,0.4,89.36996780126265,2024-03-23,2024-02-24,quantile,wk inc flu hosp
02,3,0.4,0.0,2024-03-23,2024-02-24,quantile,wk inc flu hosp
04,3,0.4,61.66639616997202,2024-03-23,2024-02-24,quantile,wk inc flu hosp
05,3,0.4,88.028749409869,2024-03-23,2024-02-24,quantile,wk inc flu hosp
06,3,0.4,158.22079802917608,2024-03-23,2024-02-24,quantile,wk inc flu hosp
08,3,0.4,52.38313541576055,2024-03-23,2024-02-24,quantile,wk inc flu hosp
09,3,0.4,56.42143650409766,2024-03-23,2024-02-24,quantile,wk inc flu hosp
10,3,0.4,20.25964255039513,2024-03-23,2024-02-24,quantile,wk inc flu hosp
11,3,0.4,12.121035604645638,2024-03-23,2024-02-24,quantile,wk inc flu hosp
12,3,0.4,361.57035040025204,2024-03-23,2024-02-24,quantile,wk inc flu hosp
13,3,0.4,82.227101231635,2024-03-23,2024-02-24,quantile,wk inc flu hosp
15,3,0.4,3.4488610867720486,2024-03-23,2024-02-24,quantile,wk inc flu hosp
16,3,0.4,25.847612424793443,2024-03-23,2024-02-24,quantile,wk inc flu hosp
17,3,0.4,168.07760183781184,2024-03-23,2024-02-24,quantile,wk inc flu hosp
18,3,0.4,174.87983195352544,2024-03-23,2024-02-24,quantile,wk inc flu hosp
19,3,0.4,66.81207169152769,2024-03-23,2024-02-24,quantile,wk inc flu hosp
20,3,0.4,93.79138960759418,2024-03-23,2024-02-24,quantile,wk inc flu hosp
21,3,0.4,153.03077840188308,2024-03-23,2024-02-24,quantile,wk inc flu hosp
22,3,0.4,42.475556145826346,2024-03-23,2024-02-24,quantile,wk inc flu hosp
23,3,0.4,50.05231868155023,2024-03-23,2024-02-24,quantile,wk inc flu hosp
24,3,0.4,76.38364074292487,2024-03-23,2024-02-24,quantile,wk inc flu hosp
25,3,0.4,316.6752526645692,2024-03-23,2024-02-24,quantile,wk inc flu hosp
26,3,0.4,480.6060074933265,2024-03-23,2024-02-24,quantile,wk inc flu hosp
27,3,0.4,98.34061818515616,2024-03-23,2024-02-24,quantile,wk inc flu hosp
28,3,0.4,39.35357496493947,2024-03-23,2024-02-24,quantile,wk inc flu hosp
29,3,0.4,179.77851876290345,2024-03-23,2024-02-24,quantile,wk inc flu hosp
30,3,0.4,0.0,2024-03-23,2024-02-24,quantile,wk inc flu hosp
31,3,0.4,30.86311175715216,2024-03-23,2024-02-24,quantile,wk inc flu hosp
32,3,0.4,36.74046033892424,2024-03-23,2024-02-24,quantile,wk inc flu hosp
33,3,0.4,20.28833759380353,2024-03-23,2024-02-24,quantile,wk inc flu hosp
34,3,0.4,213.44452448518035,2024-03-23,2024-02-24,quantile,wk inc flu hosp
35,3,0.4,40.97696851711406,2024-03-23,2024-02-24,quantile,wk inc flu hosp
36,3,0.4,443.98373954657336,2024-03-23,2024-02-24,quantile,wk inc flu hosp
37,3,0.4,108.83881858763276,2024-03-23,2024-02-24,quantile,wk inc flu hosp
38,3,0.4,9.98039515528636,2024-03-23,2024-02-24,quantile,wk inc flu hosp
39,3,0.4,267.05523072757455,2024-03-23,2024-02-24,quantile,wk inc flu hosp
40,3,0.4,134.50306288264187,2024-03-23,2024-02-24,quantile,wk inc flu hosp
41,3,0.4,26.702373640563973,2024-03-23,2024-02-24,quantile,wk inc flu hosp
42,3,0.4,371.6290312365154,2024-03-23,2024-02-24,quantile,wk inc flu hosp
44,3,0.4,16.507875829009905,2024-03-23,2024-02-24,quantile,wk inc flu hosp
45,3,0.4,80.35665460411828,2024-03-23,2024-02-24,quantile,wk inc flu hosp
46,3,0.4,18.198714644366255,2024-03-23,2024-02-24,quantile,wk inc flu hosp
47,3,0.4,99.98464983859647,2024-03-23,2024-02-24,quantile,wk inc flu hosp
48,3,0.4,365.4735495307587,2024-03-23,2024-02-24,quantile,wk inc flu hosp
49,3,0.4,8.907083211616309,2024-03-23,2024-02-24,quantile,wk inc flu hosp
50,3,0.4,8.347512193059966,2024-03-23,2024-02-24,quantile,wk inc flu hosp
51,3,0.4,136.75514488468576,2024-03-23,2024-02-24,quantile,wk inc flu hosp
53,3,0.4,39.08581472748176,2024-03-23,2024-02-24,quantile,wk inc flu hosp
54,3,0.4,105.35654794417218,2024-03-23,2024-02-24,quantile,wk inc flu hosp
55,3,0.4,119.97023194443739,2024-03-23,2024-02-24,quantile,wk inc flu hosp
56,3,0.4,23.609221921320092,2024-03-23,2024-02-24,quantile,wk inc flu hosp
72,3,0.4,45.236778511782916,2024-03-23,2024-02-24,quantile,wk inc flu hosp
US,3,0.4,6615.936281218276,2024-03-23,2024-02-24,quantile,wk inc flu hosp
01,3,0.45,101.45651514053404,2024-03-23,2024-02-24,quantile,wk inc flu hosp
02,3,0.45,0.0,2024-03-23,2024-02-24,quantile,wk inc flu hosp
04,3,0.45,73.47723899058559,2024-03-23,2024-02-24,quantile,wk inc flu hosp
05,3,0.45,96.85362870246352,2024-03-23,2024-02-24,quantile,wk inc flu hosp
06,3,0.45,179.56774173285388,2024-03-23,2024-02-24,quantile,wk inc flu hosp
08,3,0.45,57.64678665136895,2024-03-23,2024-02-24,quantile,wk inc flu hosp
09,3,0.45,64.55601906777878,2024-03-23,2024-02-24,quantile,wk inc flu hosp
10,3,0.45,23.78001497056269,2024-03-23,2024-02-24,quantile,wk inc flu hosp
11,3,0.45,14.581708235043745,2024-03-23,2024-02-24,quantile,wk inc flu hosp
12,3,0.45,389.96231570832873,2024-03-23,2024-02-24,quantile,wk inc flu hosp
13,3,0.45,93.30738945803306,2024-03-23,2024-02-24,quantile,wk inc flu hosp
15,3,0.45,5.186788738615208,2024-03-23,2024-02-24,quantile,wk inc flu hosp
16,3,0.45,31.033685311159907,2024-03-23,2024-02-24,quantile,wk inc flu hosp
17,3,0.45,181.9025152813463,2024-03-23,2024-02-24,quantile,wk inc flu hosp
18,3,0.45,190.2836597504223,2024-03-23,2024-02-24,quantile,wk inc flu hosp
19,3,0.45,77.64679539417435,2024-03-23,2024-02-24,quantile,wk inc flu hosp
20,3,0.45,103.79701070050305,2024-03-23,2024-02-24,quantile,wk inc flu hosp
21,3,0.45,168.67635452775724,2024-03-23,2024-02-24,quantile,wk inc flu hosp
22,3,0.45,47.37518854487827,2024-03-23,2024-02-24,quantile,wk inc flu hosp
23,3,0.45,56.271862379254095,2024-03-23,2024-02-24,quantile,wk inc flu hosp
24,3,0.45,84.74870939595155,2024-03-23,2024-02-24,quantile,wk inc flu hosp
25,3,0.45,340.9059547986596,2024-03-23,2024-02-24,quantile,wk inc flu hosp
26,3,0.45,510.98037039271975,2024-03-23,2024-02-24,quantile,wk inc flu hosp
27,3,0.45,106.19260882257586,2024-03-23,2024-02-24,quantile,wk inc flu hosp
28,3,0.45,45.37618322853146,2024-03-23,2024-02-24,quantile,wk inc flu hosp
29,3,0.45,195.30226732523187,2024-03-23,2024-02-24,quantile,wk inc flu hosp
30,3,0.45,0.0,2024-03-23,2024-02-24,quantile,wk inc flu hosp
31,3,0.45,34.930530827279604,2024-03-23,2024-02-24,quantile,wk inc flu hosp
32,3,0.45,40.47317079746746,2024-03-23,2024-02-24,quantile,wk inc flu hosp
33,3,0.45,24.17440252539713,2024-03-23,2024-02-24,quantile,wk inc flu hosp
34,3,0.45,233.9439527943062,2024-03-23,2024-02-24,quantile,wk inc flu hosp
35,3,0.45,46.88750775472547,2024-03-23,2024-02-24,quantile,wk inc flu hosp
36,3,0.45,474.1837441541907,2024-03-23,2024-02-24,quantile,wk inc flu hosp
37,3,0.45,121.7896478646394,2024-03-23,2024-02-24,quantile,wk inc flu hosp
38,3,0.45,12.797355429151754,2024-03-23,2024-02-24,quantile,wk inc flu hosp
39,3,0.45,287.0162856476659,2024-03-23,2024-02-24,quantile,wk inc flu hosp
40,3,0.45,151.98324885791854,2024-03-23,2024-02-24,quantile,wk inc flu hosp
41,3,0.45,31.815639468805553,2024-03-23,2024-02-24,quantile,wk inc flu hosp
42,3,0.45,403.8618217456542,2024-03-23,2024-02-24,quantile,wk inc flu hosp
44,3,0.45,20.54305255008663,2024-03-23,2024-02-24,quantile,wk inc flu hosp
45,3,0.45,87.61145084231791,2024-03-23,2024-02-24,quantile,wk inc flu hosp
46,3,0.45,21.685871407466188,2024-03-23,2024-02-24,quantile,wk inc flu hosp
47,3,0.45,110.80643119758032,2024-03-23,2024-02-24,quantile,wk inc flu hosp
48,3,0.45,397.4189772230281,2024-03-23,2024-02-24,quantile,wk inc flu hosp
49,3,0.45,11.366436972966053,2024-03-23,2024-02-24,quantile,wk inc flu hosp
50,3,0.45,9.897335680753972,2024-03-23,2024-02-24,quantile,wk inc flu hosp
51,3,0.45,149.99755515094566,2024-03-23,2024-02-24,quantile,wk inc flu hosp
53,3,0.45,45.657748013924845,2024-03-23,2024-02-24,quantile,wk inc flu hosp
54,3,0.45,116.67915676872289,2024-03-23,2024-02-24,quantile,wk inc flu hosp
55,3,0.45,129.05213212806444,2024-03-23,2024-02-24,quantile,wk inc flu hosp
56,3,0.45,28.068363063388365,2024-03-23,2024-02-24,quantile,wk inc flu hosp
72,3,0.45,50.22103346880415,2024-03-23,2024-02-24,quantile,wk inc flu hosp
US,3,0.45,6957.544907226648,2024-03-23,2024-02-24,quantile,wk inc flu hosp
01,3,0.5,111.28446402922012,2024-03-23,2024-02-24,quantile,wk inc flu hosp
02,3,0.5,0.0,2024-03-23,2024-02-24,quantile,wk inc flu hosp
04,3,0.5,82.6093241510661,2024-03-23,2024-02-24,quantile,wk inc flu hosp
05,3,0.5,106.11146292754398,2024-03-23,2024-02-24,quantile,wk inc flu hosp
06,3,0.5,210.24954549836087,2024-03-23,2024-02-24,quantile,wk inc flu hosp
08,3,0.5,64.74961825195729,2024-03-23,2024-02-24,quantile,wk inc flu hosp
09,3,0.5,74.34723075324943,2024-03-23,2024-02-24,quantile,wk inc flu hosp
10,3,0.5,27.80851640772024,2024-03-23,2024-02-24,quantile,wk inc flu hosp
11,3,0.5,16.196538634224606,2024-03-23,2024-02-24,quantile,wk inc flu hosp
12,3,0.5,416.95796778361773,2024-03-23,2024-02-24,quantile,wk inc flu hosp
13,3,0.5,104.17296833435448,2024-03-23,2024-02-24,quantile,wk inc flu hosp
15,3,0.5,6.588317018217587,2024-03-23,2024-02-24,quantile,wk inc flu hosp
16,3,0.5,36.27897938188373,2024-03-23,2024-02-24,quantile,wk inc flu hosp
17,3,0.5,199.39848748992776,2024-03-23,2024-02-24,quantile,wk inc flu hosp
18,3,0.5,206.45175163576957,2024-03-23,2024-02-24,quantile,wk inc flu hosp
19,3,0.5,86.4465999258269,2024-03-23,2024-02-24,quantile,wk inc flu hosp
20,3,0.5,111.40024255014306,2024-03-23,2024-02-24,quantile,wk inc flu hosp
21,3,0.5,188.3010493790589,2024-03-23,2024-02-24,quantile,wk inc flu hosp
22,3,0.5,55.17660541221158,2024-03-23,2024-02-24,quantile,wk inc flu hosp
23,3,0.5,62.65358632179279,2024-03-23,2024-02-24,quantile,wk inc flu hosp
24,3,0.5,93.32848822322121,2024-03-23,2024-02-24,quantile,wk inc flu hosp
25,3,0.5,359.0214837946877,2024-03-23,2024-02-24,quantile,wk inc flu hosp
26,3,0.5,552.541402161808,2024-03-23,2024-02-24,quantile,wk inc flu hosp
27,3,0.5,115.53994422861804,2024-03-23,2024-02-24,quantile,wk inc flu hosp
28,3,0.5,50.882293292272415,2024-03-23,2024-02-24,quantile,wk inc flu hosp
29,3,0.5,209.97753580610987,2024-03-23,2024-02-24,quantile,wk inc flu hosp
30,3,0.5,0.0,2024-03-23,2024-02-24,quantile,wk inc flu hosp
31,3,0.5,39.7114064987797,2024-03-23,2024-02-24,quantile,wk inc flu hosp
32,3,0.5,46.84844722811178,2024-03-23,2024-02-24,quantile,wk inc flu hosp
33,3,0.5,28.250005570986083,2024-03-23,2024-02-24,quantile,wk inc flu hosp
34,3,0.5,257.35943854330725,2024-03-23,2024-02-24,quantile,wk inc flu hosp
35,3,0.5,53.44081582697317,2024-03-23,2024-02-24,quantile,wk inc flu hosp
36,3,0.5,506.59516973764704,2024-03-23,2024-02-24,quantile,wk inc flu hosp
37,3,0.5,136.0880614282404,2024-03-23,2024-02-24,quantile,wk inc flu hosp
38,3,0.5,15.32748060762648,2024-03-23,2024-02-24,quantile,wk inc flu hosp
39,3,0.5,303.49714036121105,2024-03-23,2024-02-24,quantile,wk inc flu hosp
40,3,0.5,164.91522734645085,2024-03-23,2024-02-24,quantile,wk inc flu hosp
41,3,0.5,37.51776132762149,2024-03-23,2024-02-24,quantile,wk inc flu hosp
42,3,0.5,437.64805206318044,2024-03-23,2024-02-24,quantile,wk inc flu hosp
44,3,0.5,23.445369043880994,2024-03-23,2024-02-24,quantile,wk inc flu hosp
45,3,0.5,96.16053209116035,2024-03-23,2024-02-24,quantile,wk inc flu hosp
46,3,0.5,24.84461015862348,2024-03-23,2024-02-24,quantile,wk inc flu hosp
47,3,0.5,122.33470474190935,2024-03-23,2024-02-24,quantile,wk inc flu hosp
48,3,0.5,421.66401403625196,2024-03-23,2024-02-24,quantile,wk inc flu hosp
49,3,0.5,14.013016996545229,2024-03-23,2024-02-24,quantile,wk inc flu hosp
50,3,0.5,11.322493675032833,2024-03-23,2024-02-24,quantile,wk inc flu hosp
51,3,0.5,168.49302179737634,2024-03-23,2024-02-24,quantile,wk inc flu hosp
53,3,0.5,52.375403608495965,2024-03-23,2024-02-24,quantile,wk inc flu hosp
54,3,0.5,132.42117108087118,2024-03-23,2024-02-24,quantile,wk inc flu hosp
55,3,0.5,140.9957437537212,2024-03-23,2024-02-24,quantile,wk inc flu hosp
56,3,0.5,33.28886741954118,2024-03-23,2024-02-24,quantile,wk inc flu hosp
72,3,0.5,55.401338555074936,2024-03-23,2024-02-24,quantile,wk inc flu hosp
US,3,0.5,7385.522261500531,2024-03-23,2024-02-24,quantile,wk inc flu hosp
01,3,0.55,123.64191190115173,2024-03-23,2024-02-24,quantile,wk inc flu hosp
02,3,0.55,0.34315908235057535,2024-03-23,2024-02-24,quantile,wk inc flu hosp
04,3,0.55,92.68938741403086,2024-03-23,2024-02-24,quantile,wk inc flu hosp
05,3,0.55,117.2330332142721,2024-03-23,2024-02-24,quantile,wk inc flu hosp
06,3,0.55,239.61330251952293,2024-03-23,2024-02-24,quantile,wk inc flu hosp
08,3,0.55,72.80481388371494,2024-03-23,2024-02-24,quantile,wk inc flu hosp
09,3,0.55,81.04108498495712,2024-03-23,2024-02-24,quantile,wk inc flu hosp
10,3,0.55,31.71885466184588,2024-03-23,2024-02-24,quantile,wk inc flu hosp
11,3,0.55,18.823493213775,2024-03-23,2024-02-24,quantile,wk inc flu hosp
12,3,0.55,444.33905541664006,2024-03-23,2024-02-24,quantile,wk inc flu hosp
13,3,0.55,116.29262692757553,2024-03-23,2024-02-24,quantile,wk inc flu hosp
15,3,0.55,8.304575990326219,2024-03-23,2024-02-24,quantile,wk inc flu hosp
16,3,0.55,42.521117927583354,2024-03-23,2024-02-24,quantile,wk inc flu hosp
17,3,0.55,214.41319941445582,2024-03-23,2024-02-24,quantile,wk inc flu hosp
18,3,0.55,224.39564260635336,2024-03-23,2024-02-24,quantile,wk inc flu hosp
19,3,0.55,94.82968611252122,2024-03-23,2024-02-24,quantile,wk inc flu hosp
20,3,0.55,120.39188340567658,2024-03-23,2024-02-24,quantile,wk inc flu hosp
21,3,0.55,205.6785576196461,2024-03-23,2024-02-24,quantile,wk inc flu hosp
22,3,0.55,62.925540753941014,2024-03-23,2024-02-24,quantile,wk inc flu hosp
23,3,0.55,67.9025666637214,2024-03-23,2024-02-24,quantile,wk inc flu hosp
24,3,0.55,102.77880729424066,2024-03-23,2024-02-24,quantile,wk inc flu hosp
25,3,0.55,379.60894805792304,2024-03-23,2024-02-24,quantile,wk inc flu hosp
26,3,0.55,591.314918520446,2024-03-23,2024-02-24,quantile,wk inc flu hosp
27,3,0.55,124.48197168690264,2024-03-23,2024-02-24,quantile,wk inc flu hosp
28,3,0.55,58.014828135571776,2024-03-23,2024-02-24,quantile,wk inc flu hosp
29,3,0.55,227.1503142119088,2024-03-23,2024-02-24,quantile,wk inc flu hosp
30,3,0.55,0.5442400828778008,2024-03-23,2024-02-24,quantile,wk inc flu hosp
31,3,0.55,44.22979200196246,2024-03-23,2024-02-24,quantile,wk inc flu hosp
32,3,0.55,52.415624765468316,2024-03-23,2024-02-24,quantile,wk inc flu hosp
33,3,0.55,31.910320077971146,2024-03-23,2024-02-24,quantile,wk inc flu hosp
34,3,0.55,286.2399255512979,2024-03-23,2024-02-24,quantile,wk inc flu hosp
35,3,0.55,60.75280068694435,2024-03-23,2024-02-24,quantile,wk inc flu hosp
36,3,0.55,536.6260227376096,2024-03-23,2024-02-24,quantile,wk inc flu hosp
37,3,0.55,153.60359535688997,2024-03-23,2024-02-24,quantile,wk inc flu hosp
38,3,0.55,18.243278499436308,2024-03-23,2024-02-24,quantile,wk inc flu hosp
39,3,0.55,323.77710035769604,2024-03-23,2024-02-24,quantile,wk inc flu hosp
40,3,0.55,178.3725413130468,2024-03-23,2024-02-24,quantile,wk inc flu hosp
41,3,0.55,44.09416335634157,2024-03-23,2024-02-24,quantile,wk inc flu hosp
42,3,0.55,471.57655472697974,2024-03-23,2024-02-24,quantile,wk inc flu hosp
44,3,0.55,27.190974622356723,2024-03-23,2024-02-24,quantile,wk inc flu hosp
45,3,0.55,107.37736820681492,2024-03-23,2024-02-24,quantile,wk inc flu hosp
46,3,0.55,29.11173301963991,2024-03-23,2024-02-24,quantile,wk inc flu hosp
47,3,0.55,139.27751759371753,2024-03-23,2024-02-24,quantile,wk inc flu hosp
48,3,0.55,448.4363638287907,2024-03-23,2024-02-24,quantile,wk inc flu hosp
49,3,0.55,16.686696543540634,2024-03-23,2024-02-24,quantile,wk inc flu hosp
50,3,0.55,13.205873397642206,2024-03-23,2024-02-24,quantile,wk inc flu hosp
51,3,0.55,183.89178840997405,2024-03-23,2024-02-24,quantile,wk inc flu hosp
53,3,0.55,60.23908373879909,2024-03-23,2024-02-24,quantile,wk inc flu hosp
54,3,0.55,146.49524505261016,2024-03-23,2024-02-24,quantile,wk inc flu hosp
55,3,0.55,154.14715466506874,2024-03-23,2024-02-24,quantile,wk inc flu hosp
56,3,0.55,38.92905811083643,2024-03-23,2024-02-24,quantile,wk inc flu hosp
72,3,0.55,61.61583337760957,2024-03-23,2024-02-24,quantile,wk inc flu hosp
US,3,0.55,7694.0286146464705,2024-03-23,2024-02-24,quantile,wk inc flu hosp
01,3,0.6,138.19534133841435,2024-03-23,2024-02-24,quantile,wk inc flu hosp
02,3,0.6,1.0134492042975498,2024-03-23,2024-02-24,quantile,wk inc flu hosp
04,3,0.6,106.38947798696847,2024-03-23,2024-02-24,quantile,wk inc flu hosp
05,3,0.6,128.1390980773607,2024-03-23,2024-02-24,quantile,wk inc flu hosp
06,3,0.6,269.65507285463445,2024-03-23,2024-02-24,quantile,wk inc flu hosp
08,3,0.6,79.77357199730223,2024-03-23,2024-02-24,quantile,wk inc flu hosp
09,3,0.6,91.79202009762017,2024-03-23,2024-02-24,quantile,wk inc flu hosp
10,3,0.6,37.627927168887176,2024-03-23,2024-02-24,quantile,wk inc flu hosp
11,3,0.6,20.943550054642817,2024-03-23,2024-02-24,quantile,wk inc flu hosp
12,3,0.6,479.9779736220363,2024-03-23,2024-02-24,quantile,wk inc flu hosp
13,3,0.6,127.88694364233741,2024-03-23,2024-02-24,quantile,wk inc flu hosp
15,3,0.6,10.860224429328433,2024-03-23,2024-02-24,quantile,wk inc flu hosp
16,3,0.6,48.28702091493938,2024-03-23,2024-02-24,quantile,wk inc flu hosp
17,3,0.6,234.70566139075314,2024-03-23,2024-02-24,quantile,wk inc flu hosp
18,3,0.6,242.04585518086154,2024-03-23,2024-02-24,quantile,wk inc flu hosp
19,3,0.6,104.95072709060717,2024-03-23,2024-02-24,quantile,wk inc flu hosp
20,3,0.6,131.0798711683064,2024-03-23,2024-02-24,quantile,wk inc flu hosp
21,3,0.6,221.91655361058676,2024-03-23,2024-02-24,quantile,wk inc flu hosp
22,3,0.6,73.21219074590545,2024-03-23,2024-02-24,quantile,wk inc flu hosp
23,3,0.6,76.28179938946934,2024-03-23,2024-02-24,quantile,wk inc flu hosp
24,3,0.6,111.80637022592686,2024-03-23,2024-02-24,quantile,wk inc flu hosp
25,3,0.6,410.0242727794367,2024-03-23,2024-02-24,quantile,wk inc flu hosp
26,3,0.6,636.6481153555972,2024-03-23,2024-02-24,quantile,wk inc flu hosp
27,3,0.6,135.17433761479413,2024-03-23,2024-02-24,quantile,wk inc flu hosp
28,3,0.6,65.34397902489411,2024-03-23,2024-02-24,quantile,wk inc flu hosp
29,3,0.6,240.45255840465072,2024-03-23,2024-02-24,quantile,wk inc flu hosp
30,3,0.6,1.4290859992778482,2024-03-23,2024-02-24,quantile,wk inc flu hosp
31,3,0.6,48.8788970891582,2024-03-23,2024-02-24,quantile,wk inc flu hosp
32,3,0.6,58.61955318630182,2024-03-23,2024-02-24,quantile,wk inc flu hosp
33,3,0.6,35.09111278046867,2024-03-23,2024-02-24,quantile,wk inc flu hosp
34,3,0.6,313.0437736413408,2024-03-23,2024-02-24,quantile,wk inc flu hosp
35,3,0.6,67.74708826250091,2024-03-23,2024-02-24,quantile,wk inc flu hosp
36,3,0.6,580.4820345397663,2024-03-23,2024-02-24,quantile,wk inc flu hosp
37,3,0.6,169.6094156170772,2024-03-23,2024-02-24,quantile,wk inc flu hosp
38,3,0.6,22.017344847370833,2024-03-23,2024-02-24,quantile,wk inc flu hosp
39,3,0.6,349.0503411112074,2024-03-23,2024-02-24,quantile,wk inc flu hosp
40,3,0.6,197.87673908697613,2024-03-23,2024-02-24,quantile,wk inc flu hosp
41,3,0.6,50.12915037330969,2024-03-23,2024-02-24,quantile,wk inc flu hosp
42,3,0.6,509.5694637903357,2024-03-23,2024-02-24,quantile,wk inc flu hosp
44,3,0.6,31.94433336977069,2024-03-23,2024-02-24,quantile,wk inc flu hosp
45,3,0.6,117.48323038976798,2024-03-23,2024-02-24,quantile,wk inc flu hosp
46,3,0.6,35.35925820126209,2024-03-23,2024-02-24,quantile,wk inc flu hosp
47,3,0.6,154.51888374960888,2024-03-23,2024-02-24,quantile,wk inc flu hosp
48,3,0.6,481.97775120216295,2024-03-23,2024-02-24,quantile,wk inc flu hosp
49,3,0.6,19.92798196269737,2024-03-23,2024-02-24,quantile,wk inc flu hosp
50,3,0.6,15.563190099733688,2024-03-23,2024-02-24,quantile,wk inc flu hosp
51,3,0.6,203.7865808903554,2024-03-23,2024-02-24,quantile,wk inc flu hosp
53,3,0.6,70.2277951408576,2024-03-23,2024-02-24,quantile,wk inc flu hosp
54,3,0.6,160.63416737338494,2024-03-23,2024-02-24,quantile,wk inc flu hosp
55,3,0.6,166.4821505051551,2024-03-23,2024-02-24,quantile,wk inc flu hosp
56,3,0.6,44.89960921964382,2024-03-23,2024-02-24,quantile,wk inc flu hosp
72,3,0.6,68.34960682804211,2024-03-23,2024-02-24,quantile,wk inc flu hosp
US,3,0.6,8185.191330530605,2024-03-23,2024-02-24,quantile,wk inc flu hosp
01,3,0.65,152.56322647341614,2024-03-23,2024-02-24,quantile,wk inc flu hosp
02,3,0.65,2.2286736853725544,2024-03-23,2024-02-24,quantile,wk inc flu hosp
04,3,0.65,124.0233854582649,2024-03-23,2024-02-24,quantile,wk inc flu hosp
05,3,0.65,139.36952700479767,2024-03-23,2024-02-24,quantile,wk inc flu hosp
06,3,0.65,306.85393219628764,2024-03-23,2024-02-24,quantile,wk inc flu hosp
08,3,0.65,85.20448441020986,2024-03-23,2024-02-24,quantile,wk inc flu hosp
09,3,0.65,102.20896247368982,2024-03-23,2024-02-24,quantile,wk inc flu hosp
10,3,0.65,44.737542718090396,2024-03-23,2024-02-24,quantile,wk inc flu hosp
11,3,0.65,24.717616772972224,2024-03-23,2024-02-24,quantile,wk inc flu hosp
12,3,0.65,515.4142154282011,2024-03-23,2024-02-24,quantile,wk inc flu hosp
13,3,0.65,141.18992831518636,2024-03-23,2024-02-24,quantile,wk inc flu hosp
15,3,0.65,13.673140765360124,2024-03-23,2024-02-24,quantile,wk inc flu hosp
16,3,0.65,54.345430151961075,2024-03-23,2024-02-24,quantile,wk inc flu hosp
17,3,0.65,257.1048588106497,2024-03-23,2024-02-24,quantile,wk inc flu hosp
18,3,0.65,260.7560930806064,2024-03-23,2024-02-24,quantile,wk inc flu hosp
19,3,0.65,112.63773020149398,2024-03-23,2024-02-24,quantile,wk inc flu hosp
20,3,0.65,140.02074313602097,2024-03-23,2024-02-24,quantile,wk inc flu hosp
21,3,0.65,244.94522967980433,2024-03-23,2024-02-24,quantile,wk inc flu hosp
22,3,0.65,80.052879179122,2024-03-23,2024-02-24,quantile,wk inc flu hosp
23,3,0.65,85.1068191553484,2024-03-23,2024-02-24,quantile,wk inc flu hosp
24,3,0.65,119.61051507161615,2024-03-23,2024-02-24,quantile,wk inc flu hosp
25,3,0.65,434.1865990095801,2024-03-23,2024-02-24,quantile,wk inc flu hosp
26,3,0.65,683.904778836439,2024-03-23,2024-02-24,quantile,wk inc flu hosp
27,3,0.65,143.58554876045824,2024-03-23,2024-02-24,quantile,wk inc flu hosp
28,3,0.65,74.82686599437946,2024-03-23,2024-02-24,quantile,wk inc flu hosp
29,3,0.65,265.06945316869155,2024-03-23,2024-02-24,quantile,wk inc flu hosp
30,3,0.65,2.6495178167173146,2024-03-23,2024-02-24,quantile,wk inc flu hosp
31,3,0.65,54.41729637459249,2024-03-23,2024-02-24,quantile,wk inc flu hosp
32,3,0.65,66.79414930402831,2024-03-23,2024-02-24,quantile,wk inc flu hosp
33,3,0.65,39.33536296645663,2024-03-23,2024-02-24,quantile,wk inc flu hosp
34,3,0.65,346.4032436431948,2024-03-23,2024-02-24,quantile,wk inc flu hosp
35,3,0.65,75.9281605218123,2024-03-23,2024-02-24,quantile,wk inc flu hosp
36,3,0.65,613.8884203434003,2024-03-23,2024-02-24,quantile,wk inc flu hosp
37,3,0.65,186.64834399418075,2024-03-23,2024-02-24,quantile,wk inc flu hosp
38,3,0.65,25.254745159416906,2024-03-23,2024-02-24,quantile,wk inc flu hosp
39,3,0.65,380.47491474511685,2024-03-23,2024-02-24,quantile,wk inc flu hosp
40,3,0.65,213.04407744767207,2024-03-23,2024-02-24,quantile,wk inc flu hosp
41,3,0.65,58.08003858634256,2024-03-23,2024-02-24,quantile,wk inc flu hosp
42,3,0.65,552.1148735779957,2024-03-23,2024-02-24,quantile,wk inc flu hosp
44,3,0.65,36.20971235195247,2024-03-23,2024-02-24,quantile,wk inc flu hosp
45,3,0.65,128.34678521882392,2024-03-23,2024-02-24,quantile,wk inc flu hosp
46,3,0.65,41.34281460356966,2024-03-23,2024-02-24,quantile,wk inc flu hosp
47,3,0.65,169.56161929926253,2024-03-23,2024-02-24,quantile,wk inc flu hosp
48,3,0.65,510.02213020995407,2024-03-23,2024-02-24,quantile,wk inc flu hosp
49,3,0.65,23.3111458800747,2024-03-23,2024-02-24,quantile,wk inc flu hosp
50,3,0.65,18.38411809356059,2024-03-23,2024-02-24,quantile,wk inc flu hosp
51,3,0.65,230.46720977181283,2024-03-23,2024-02-24,quantile,wk inc flu hosp
53,3,0.65,78.89315588461206,2024-03-23,2024-02-24,quantile,wk inc flu hosp
54,3,0.65,180.91499112887945,2024-03-23,2024-02-24,quantile,wk inc flu hosp
55,3,0.65,181.11381508584003,2024-03-23,2024-02-24,quantile,wk inc flu hosp
56,3,0.65,51.25587510591529,2024-03-23,2024-02-24,quantile,wk inc flu hosp
72,3,0.65,75.0603124463387,2024-03-23,2024-02-24,quantile,wk inc flu hosp
US,3,0.65,8706.871462388497,2024-03-23,2024-02-24,quantile,wk inc flu hosp
01,3,0.7,169.87545761854466,2024-03-23,2024-02-24,quantile,wk inc flu hosp
02,3,0.7,3.1847958511789987,2024-03-23,2024-02-24,quantile,wk inc flu hosp
04,3,0.7,139.72060820699363,2024-03-23,2024-02-24,quantile,wk inc flu hosp
05,3,0.7,151.65811286474585,2024-03-23,2024-02-24,quantile,wk inc flu hosp
06,3,0.7,349.45352018340833,2024-03-23,2024-02-24,quantile,wk inc flu hosp
08,3,0.7,95.39249278265432,2024-03-23,2024-02-24,quantile,wk inc flu hosp
09,3,0.7,113.07542268068124,2024-03-23,2024-02-24,quantile,wk inc flu hosp
10,3,0.7,51.05942137317504,2024-03-23,2024-02-24,quantile,wk inc flu hosp
11,3,0.7,27.693887784355848,2024-03-23,2024-02-24,quantile,wk inc flu hosp
12,3,0.7,567.0348898185006,2024-03-23,2024-02-24,quantile,wk inc flu hosp
13,3,0.7,156.8679253406021,2024-03-23,2024-02-24,quantile,wk inc flu hosp
15,3,0.7,16.903784024515886,2024-03-23,2024-02-24,quantile,wk inc flu hosp
16,3,0.7,65.39921445048842,2024-03-23,2024-02-24,quantile,wk inc flu hosp
17,3,0.7,284.1046164022714,2024-03-23,2024-02-24,quantile,wk inc flu hosp
18,3,0.7,282.34658487528924,2024-03-23,2024-02-24,quantile,wk inc flu hosp
19,3,0.7,124.44123637676978,2024-03-23,2024-02-24,quantile,wk inc flu hosp
20,3,0.7,153.50870200180498,2024-03-23,2024-02-24,quantile,wk inc flu hosp
21,3,0.7,276.84770491180257,2024-03-23,2024-02-24,quantile,wk inc flu hosp
22,3,0.7,90.11923484935446,2024-03-23,2024-02-24,quantile,wk inc flu hosp
23,3,0.7,93.49474264197522,2024-03-23,2024-02-24,quantile,wk inc flu hosp
24,3,0.7,132.477462887726,2024-03-23,2024-02-24,quantile,wk inc flu hosp
25,3,0.7,470.7441592323936,2024-03-23,2024-02-24,quantile,wk inc flu hosp
26,3,0.7,736.5662047771992,2024-03-23,2024-02-24,quantile,wk inc flu hosp
27,3,0.7,152.29251664725442,2024-03-23,2024-02-24,quantile,wk inc flu hosp
28,3,0.7,85.32112861295488,2024-03-23,2024-02-24,quantile,wk inc flu hosp
29,3,0.7,287.1831950841077,2024-03-23,2024-02-24,quantile,wk inc flu hosp
30,3,0.7,4.0311982228417325,2024-03-23,2024-02-24,quantile,wk inc flu hosp
31,3,0.7,61.40951583554145,2024-03-23,2024-02-24,quantile,wk inc flu hosp
32,3,0.7,75.37133384689295,2024-03-23,2024-02-24,quantile,wk inc flu hosp
33,3,0.7,44.13557058871181,2024-03-23,2024-02-24,quantile,wk inc flu hosp
34,3,0.7,376.070999217744,2024-03-23,2024-02-24,quantile,wk inc flu hosp
35,3,0.7,86.25671913606435,2024-03-23,2024-02-24,quantile,wk inc flu hosp
36,3,0.7,653.7823242115932,2024-03-23,2024-02-24,quantile,wk inc flu hosp
37,3,0.7,206.1813222874334,2024-03-23,2024-02-24,quantile,wk inc flu hosp
38,3,0.7,29.871507027087073,2024-03-23,2024-02-24,quantile,wk inc flu hosp
39,3,0.7,406.0666227207712,2024-03-23,2024-02-24,quantile,wk inc flu hosp
40,3,0.7,241.70809532678965,2024-03-23,2024-02-24,quantile,wk inc flu hosp
41,3,0.7,64.78042483389801,2024-03-23,2024-02-24,quantile,wk inc flu hosp
42,3,0.7,600.2498338699019,2024-03-23,2024-02-24,quantile,wk inc flu hosp
44,3,0.7,41.11731755120408,2024-03-23,2024-02-24,quantile,wk inc flu hosp
45,3,0.7,145.6327927967041,2024-03-23,2024-02-24,quantile,wk inc flu hosp
46,3,0.7,48.4961390337102,2024-03-23,2024-02-24,quantile,wk inc flu hosp
47,3,0.7,190.8168056894555,2024-03-23,2024-02-24,quantile,wk inc flu hosp
48,3,0.7,548.7905393682818,2024-03-23,2024-02-24,quantile,wk inc flu hosp
49,3,0.7,27.384403968645508,2024-03-23,2024-02-24,quantile,wk inc flu hosp
50,3,0.7,21.221745585526236,2024-03-23,2024-02-24,quantile,wk inc flu hosp
51,3,0.7,253.57746706396304,2024-03-23,2024-02-24,quantile,wk inc flu hosp
53,3,0.7,92.1830239170476,2024-03-23,2024-02-24,quantile,wk inc flu hosp
54,3,0.7,200.99582562221886,2024-03-23,2024-02-24,quantile,wk inc flu hosp
55,3,0.7,196.73076857147765,2024-03-23,2024-02-24,quantile,wk inc flu hosp
56,3,0.7,58.77184055021558,2024-03-23,2024-02-24,quantile,wk inc flu hosp
72,3,0.7,84.1849239721974,2024-03-23,2024-02-24,quantile,wk inc flu hosp
US,3,0.7,9192.505441427778,2024-03-23,2024-02-24,quantile,wk inc flu hosp
01,3,0.75,190.88424847952447,2024-03-23,2024-02-24,quantile,wk inc flu hosp
02,3,0.75,5.190712783017344,2024-03-23,2024-02-24,quantile,wk inc flu hosp
04,3,0.75,157.31716098276928,2024-03-23,2024-02-24,quantile,wk inc flu hosp
05,3,0.75,168.4341684040156,2024-03-23,2024-02-24,quantile,wk inc flu hosp
06,3,0.75,388.0519402051607,2024-03-23,2024-02-24,quantile,wk inc flu hosp
08,3,0.75,106.14293162271092,2024-03-23,2024-02-24,quantile,wk inc flu hosp
09,3,0.75,127.74389797517155,2024-03-23,2024-02-24,quantile,wk inc flu hosp
10,3,0.75,58.4498565918751,2024-03-23,2024-02-24,quantile,wk inc flu hosp
11,3,0.75,31.01291599243372,2024-03-23,2024-02-24,quantile,wk inc flu hosp
12,3,0.75,604.3091444525656,2024-03-23,2024-02-24,quantile,wk inc flu hosp
13,3,0.75,176.84076799430656,2024-03-23,2024-02-24,quantile,wk inc flu hosp
15,3,0.75,21.195333729014457,2024-03-23,2024-02-24,quantile,wk inc flu hosp
16,3,0.75,78.30228081440464,2024-03-23,2024-02-24,quantile,wk inc flu hosp
17,3,0.75,312.4699568483874,2024-03-23,2024-02-24,quantile,wk inc flu hosp
18,3,0.75,310.9714955451896,2024-03-23,2024-02-24,quantile,wk inc flu hosp
19,3,0.75,137.6826071701393,2024-03-23,2024-02-24,quantile,wk inc flu hosp
20,3,0.75,167.50273588877351,2024-03-23,2024-02-24,quantile,wk inc flu hosp
21,3,0.75,301.01623307238293,2024-03-23,2024-02-24,quantile,wk inc flu hosp
22,3,0.75,100.65112287003713,2024-03-23,2024-02-24,quantile,wk inc flu hosp
23,3,0.75,105.80362607667057,2024-03-23,2024-02-24,quantile,wk inc flu hosp
24,3,0.75,147.62784934737635,2024-03-23,2024-02-24,quantile,wk inc flu hosp
25,3,0.75,499.44121802339487,2024-03-23,2024-02-24,quantile,wk inc flu hosp
26,3,0.75,799.0524761486453,2024-03-23,2024-02-24,quantile,wk inc flu hosp
27,3,0.75,167.0895038505147,2024-03-23,2024-02-24,quantile,wk inc flu hosp
28,3,0.75,96.26961485729434,2024-03-23,2024-02-24,quantile,wk inc flu hosp
29,3,0.75,319.69855300812463,2024-03-23,2024-02-24,quantile,wk inc flu hosp
30,3,0.75,5.481917262490402,2024-03-23,2024-02-24,quantile,wk inc flu hosp
31,3,0.75,68.96105446023049,2024-03-23,2024-02-24,quantile,wk inc flu hosp
32,3,0.75,82.84221084992757,2024-03-23,2024-02-24,quantile,wk inc flu hosp
33,3,0.75,49.92231169610145,2024-03-23,2024-02-24,quantile,wk inc flu hosp
34,3,0.75,411.0031124923119,2024-03-23,2024-02-24,quantile,wk inc flu hosp
35,3,0.75,99.03177695193222,2024-03-23,2024-02-24,quantile,wk inc flu hosp
36,3,0.75,698.3984039264226,2024-03-23,2024-02-24,quantile,wk inc flu hosp
37,3,0.75,225.68504260347746,2024-03-23,2024-02-24,quantile,wk inc flu hosp
38,3,0.75,34.828443544448184,2024-03-23,2024-02-24,quantile,wk inc flu hosp
39,3,0.75,444.8675042814784,2024-03-23,2024-02-24,quantile,wk inc flu hosp
40,3,0.75,266.53171074988217,2024-03-23,2024-02-24,quantile,wk inc flu hosp
41,3,0.75,74.30334388404472,2024-03-23,2024-02-24,quantile,wk inc flu hosp
42,3,0.75,651.9455712736744,2024-03-23,2024-02-24,quantile,wk inc flu hosp
44,3,0.75,47.13578579284498,2024-03-23,2024-02-24,quantile,wk inc flu hosp
45,3,0.75,158.68163457456413,2024-03-23,2024-02-24,quantile,wk inc flu hosp
46,3,0.75,57.480388734832864,2024-03-23,2024-02-24,quantile,wk inc flu hosp
47,3,0.75,204.08335006192948,2024-03-23,2024-02-24,quantile,wk inc flu hosp
48,3,0.75,596.2640560266532,2024-03-23,2024-02-24,quantile,wk inc flu hosp
49,3,0.75,31.482549088949998,2024-03-23,2024-02-24,quantile,wk inc flu hosp
50,3,0.75,24.417385429964234,2024-03-23,2024-02-24,quantile,wk inc flu hosp
51,3,0.75,286.0426031409364,2024-03-23,2024-02-24,quantile,wk inc flu hosp
53,3,0.75,105.89063200129308,2024-03-23,2024-02-24,quantile,wk inc flu hosp
54,3,0.75,219.98192428276212,2024-03-23,2024-02-24,quantile,wk inc flu hosp
55,3,0.75,217.63095781088003,2024-03-23,2024-02-24,quantile,wk inc flu hosp
56,3,0.75,68.13719850460164,2024-03-23,2024-02-24,quantile,wk inc flu hosp
72,3,0.75,95.45024031191905,2024-03-23,2024-02-24,quantile,wk inc flu hosp
US,3,0.75,9812.420892019622,2024-03-23,2024-02-24,quantile,wk inc flu hosp
01,3,0.8,216.5408270688117,2024-03-23,2024-02-24,quantile,wk inc flu hosp
02,3,0.8,7.558198172604462,2024-03-23,2024-02-24,quantile,wk inc flu hosp
04,3,0.8,183.17527655896748,2024-03-23,2024-02-24,quantile,wk inc flu hosp
05,3,0.8,191.61556724194128,2024-03-23,2024-02-24,quantile,wk inc flu hosp
06,3,0.8,436.07203126515856,2024-03-23,2024-02-24,quantile,wk inc flu hosp
08,3,0.8,118.14704534818661,2024-03-23,2024-02-24,quantile,wk inc flu hosp
09,3,0.8,141.56928854801004,2024-03-23,2024-02-24,quantile,wk inc flu hosp
10,3,0.8,70.14319612169425,2024-03-23,2024-02-24,quantile,wk inc flu hosp
11,3,0.8,37.40363395812726,2024-03-23,2024-02-24,quantile,wk inc flu hosp
12,3,0.8,645.0170830698328,2024-03-23,2024-02-24,quantile,wk inc flu hosp
13,3,0.8,200.86176971745647,2024-03-23,2024-02-24,quantile,wk inc flu hosp
15,3,0.8,26.688745106345014,2024-03-23,2024-02-24,quantile,wk inc flu hosp
16,3,0.8,90.63930863175405,2024-03-23,2024-02-24,quantile,wk inc flu hosp
17,3,0.8,339.48807523985744,2024-03-23,2024-02-24,quantile,wk inc flu hosp
18,3,0.8,336.43721022160366,2024-03-23,2024-02-24,quantile,wk inc flu hosp
19,3,0.8,155.00794182114842,2024-03-23,2024-02-24,quantile,wk inc flu hosp
20,3,0.8,186.4344232029167,2024-03-23,2024-02-24,quantile,wk inc flu hosp
21,3,0.8,346.660906927843,2024-03-23,2024-02-24,quantile,wk inc flu hosp
22,3,0.8,118.07264056466313,2024-03-23,2024-02-24,quantile,wk inc flu hosp
23,3,0.8,119.95170180624693,2024-03-23,2024-02-24,quantile,wk inc flu hosp
24,3,0.8,163.66083384173592,2024-03-23,2024-02-24,quantile,wk inc flu hosp
25,3,0.8,541.5046404778019,2024-03-23,2024-02-24,quantile,wk inc flu hosp
26,3,0.8,855.7868369095722,2024-03-23,2024-02-24,quantile,wk inc flu hosp
27,3,0.8,184.45271775514485,2024-03-23,2024-02-24,quantile,wk inc flu hosp
28,3,0.8,108.62368769196314,2024-03-23,2024-02-24,quantile,wk inc flu hosp
29,3,0.8,347.6740125478269,2024-03-23,2024-02-24,quantile,wk inc flu hosp
30,3,0.8,7.8072712176254635,2024-03-23,2024-02-24,quantile,wk inc flu hosp
31,3,0.8,79.7978933916924,2024-03-23,2024-02-24,quantile,wk inc flu hosp
32,3,0.8,94.31490424365857,2024-03-23,2024-02-24,quantile,wk inc flu hosp
33,3,0.8,58.12758113274461,2024-03-23,2024-02-24,quantile,wk inc flu hosp
34,3,0.8,459.4071161863506,2024-03-23,2024-02-24,quantile,wk inc flu hosp
35,3,0.8,113.17388978062834,2024-03-23,2024-02-24,quantile,wk inc flu hosp
36,3,0.8,745.5426512116323,2024-03-23,2024-02-24,quantile,wk inc flu hosp
37,3,0.8,261.8852064577302,2024-03-23,2024-02-24,quantile,wk inc flu hosp
38,3,0.8,40.957121172936,2024-03-23,2024-02-24,quantile,wk inc flu hosp
39,3,0.8,481.82812595039604,2024-03-23,2024-02-24,quantile,wk inc flu hosp
40,3,0.8,300.3439755516491,2024-03-23,2024-02-24,quantile,wk inc flu hosp
41,3,0.8,85.46851309055047,2024-03-23,2024-02-24,quantile,wk inc flu hosp
42,3,0.8,710.0648951080223,2024-03-23,2024-02-24,quantile,wk inc flu hosp
44,3,0.8,54.67702388945214,2024-03-23,2024-02-24,quantile,wk inc flu hosp
45,3,0.8,180.91385648877042,2024-03-23,2024-02-24,quantile,wk inc flu hosp
46,3,0.8,69.90553976809036,2024-03-23,2024-02-24,quantile,wk inc flu hosp
47,3,0.8,235.4566820661237,2024-03-23,2024-02-24,quantile,wk inc flu hosp
48,3,0.8,656.651689550517,2024-03-23,2024-02-24,quantile,wk inc flu hosp
49,3,0.8,37.92382513420871,2024-03-23,2024-02-24,quantile,wk inc flu hosp
50,3,0.8,28.528778434453994,2024-03-23,2024-02-24,quantile,wk inc flu hosp
51,3,0.8,325.0703396851804,2024-03-23,2024-02-24,quantile,wk inc flu hosp
53,3,0.8,121.7564630853398,2024-03-23,2024-02-24,quantile,wk inc flu hosp
54,3,0.8,245.96344793496795,2024-03-23,2024-02-24,quantile,wk inc flu hosp
55,3,0.8,244.4950768909558,2024-03-23,2024-02-24,quantile,wk inc flu hosp
56,3,0.8,80.2186185221914,2024-03-23,2024-02-24,quantile,wk inc flu hosp
72,3,0.8,109.35343249941084,2024-03-23,2024-02-24,quantile,wk inc flu hosp
US,3,0.8,10400.727690470247,2024-03-23,2024-02-24,quantile,wk inc flu hosp
01,3,0.85,241.97948202222,2024-03-23,2024-02-24,quantile,wk inc flu hosp
02,3,0.85,10.878820108906321,2024-03-23,2024-02-24,quantile,wk inc flu hosp
04,3,0.85,214.26403848107535,2024-03-23,2024-02-24,quantile,wk inc flu hosp
05,3,0.85,216.74240019176028,2024-03-23,2024-02-24,quantile,wk inc flu hosp
06,3,0.85,500.12241036088267,2024-03-23,2024-02-24,quantile,wk inc flu hosp
08,3,0.85,136.72451280500047,2024-03-23,2024-02-24,quantile,wk inc flu hosp
09,3,0.85,161.18075630208813,2024-03-23,2024-02-24,quantile,wk inc flu hosp
10,3,0.85,88.34000378985516,2024-03-23,2024-02-24,quantile,wk inc flu hosp
11,3,0.85,43.95841685239137,2024-03-23,2024-02-24,quantile,wk inc flu hosp
12,3,0.85,721.7586285830617,2024-03-23,2024-02-24,quantile,wk inc flu hosp
13,3,0.85,218.93770145864957,2024-03-23,2024-02-24,quantile,wk inc flu hosp
15,3,0.85,34.21303186998133,2024-03-23,2024-02-24,quantile,wk inc flu hosp
16,3,0.85,105.97620637516223,2024-03-23,2024-02-24,quantile,wk inc flu hosp
17,3,0.85,390.7674458403633,2024-03-23,2024-02-24,quantile,wk inc flu hosp
18,3,0.85,373.5240819071275,2024-03-23,2024-02-24,quantile,wk inc flu hosp
19,3,0.85,179.97994644691187,2024-03-23,2024-02-24,quantile,wk inc flu hosp
20,3,0.85,209.6108133153468,2024-03-23,2024-02-24,quantile,wk inc flu hosp
21,3,0.85,394.1013138339192,2024-03-23,2024-02-24,quantile,wk inc flu hosp
22,3,0.85,141.46885220226844,2024-03-23,2024-02-24,quantile,wk inc flu hosp
23,3,0.85,135.62682146323,2024-03-23,2024-02-24,quantile,wk inc flu hosp
24,3,0.85,183.20185462836866,2024-03-23,2024-02-24,quantile,wk inc flu hosp
25,3,0.85,589.2820817265759,2024-03-23,2024-02-24,quantile,wk inc flu hosp
26,3,0.85,944.1321932377936,2024-03-23,2024-02-24,quantile,wk inc flu hosp
27,3,0.85,203.2722396176244,2024-03-23,2024-02-24,quantile,wk inc flu hosp
28,3,0.85,125.57744053976884,2024-03-23,2024-02-24,quantile,wk inc flu hosp
29,3,0.85,380.26078348271216,2024-03-23,2024-02-24,quantile,wk inc flu hosp
30,3,0.85,10.851516797349532,2024-03-23,2024-02-24,quantile,wk inc flu hosp
31,3,0.85,92.53608653234885,2024-03-23,2024-02-24,quantile,wk inc flu hosp
32,3,0.85,111.09713733529505,2024-03-23,2024-02-24,quantile,wk inc flu hosp
33,3,0.85,71.14150115827559,2024-03-23,2024-02-24,quantile,wk inc flu hosp
34,3,0.85,520.9015922774317,2024-03-23,2024-02-24,quantile,wk inc flu hosp
35,3,0.85,132.1240167855157,2024-03-23,2024-02-24,quantile,wk inc flu hosp
36,3,0.85,803.5529624424639,2024-03-23,2024-02-24,quantile,wk inc flu hosp
37,3,0.85,298.045319286142,2024-03-23,2024-02-24,quantile,wk inc flu hosp
38,3,0.85,51.55694023092587,2024-03-23,2024-02-24,quantile,wk inc flu hosp
39,3,0.85,534.0587316334427,2024-03-23,2024-02-24,quantile,wk inc flu hosp
40,3,0.85,346.3621960556114,2024-03-23,2024-02-24,quantile,wk inc flu hosp
41,3,0.85,101.98187777847443,2024-03-23,2024-02-24,quantile,wk inc flu hosp
42,3,0.85,774.4451076310194,2024-03-23,2024-02-24,quantile,wk inc flu hosp
44,3,0.85,64.18929412715678,2024-03-23,2024-02-24,quantile,wk inc flu hosp
45,3,0.85,207.48318564160087,2024-03-23,2024-02-24,quantile,wk inc flu hosp
46,3,0.85,83.00622540116008,2024-03-23,2024-02-24,quantile,wk inc flu hosp
47,3,0.85,268.93227996834344,2024-03-23,2024-02-24,quantile,wk inc flu hosp
48,3,0.85,723.5843465036935,2024-03-23,2024-02-24,quantile,wk inc flu hosp
49,3,0.85,45.218156488541354,2024-03-23,2024-02-24,quantile,wk inc flu hosp
50,3,0.85,34.4762805974423,2024-03-23,2024-02-24,quantile,wk inc flu hosp
51,3,0.85,356.99483941935597,2024-03-23,2024-02-24,quantile,wk inc flu hosp
53,3,0.85,137.52271249947088,2024-03-23,2024-02-24,quantile,wk inc flu hosp
54,3,0.85,284.4208216509824,2024-03-23,2024-02-24,quantile,wk inc flu hosp
55,3,0.85,268.15563526618917,2024-03-23,2024-02-24,quantile,wk inc flu hosp
56,3,0.85,96.58170607844707,2024-03-23,2024-02-24,quantile,wk inc flu hosp
72,3,0.85,126.49306284742896,2024-03-23,2024-02-24,quantile,wk inc flu hosp
US,3,0.85,11257.46681790644,2024-03-23,2024-02-24,quantile,wk inc flu hosp
01,3,0.9,280.2078475605326,2024-03-23,2024-02-24,quantile,wk inc flu hosp
02,3,0.9,16.45308578401155,2024-03-23,2024-02-24,quantile,wk inc flu hosp
04,3,0.9,265.739497038503,2024-03-23,2024-02-24,quantile,wk inc flu hosp
05,3,0.9,249.66489283658012,2024-03-23,2024-02-24,quantile,wk inc flu hosp
06,3,0.9,566.10918764236,2024-03-23,2024-02-24,quantile,wk inc flu hosp
08,3,0.9,157.9819467663474,2024-03-23,2024-02-24,quantile,wk inc flu hosp
09,3,0.9,188.56312447746836,2024-03-23,2024-02-24,quantile,wk inc flu hosp
10,3,0.9,109.49714861322413,2024-03-23,2024-02-24,quantile,wk inc flu hosp
11,3,0.9,53.96134956384838,2024-03-23,2024-02-24,quantile,wk inc flu hosp
12,3,0.9,797.1782916234778,2024-03-23,2024-02-24,quantile,wk inc flu hosp
13,3,0.9,259.7829596435529,2024-03-23,2024-02-24,quantile,wk inc flu hosp
15,3,0.9,46.97311689987248,2024-03-23,2024-02-24,quantile,wk inc flu hosp
16,3,0.9,127.88357384206047,2024-03-23,2024-02-24,quantile,wk inc flu hosp
17,3,0.9,439.5434088176205,2024-03-23,2024-02-24,quantile,wk inc flu hosp
18,3,0.9,410.64441435703696,2024-03-23,2024-02-24,quantile,wk inc flu hosp
19,3,0.9,200.39684944486558,2024-03-23,2024-02-24,quantile,wk inc flu hosp
20,3,0.9,241.31551576975502,2024-03-23,2024-02-24,quantile,wk inc flu hosp
21,3,0.9,467.3969321537995,2024-03-23,2024-02-24,quantile,wk inc flu hosp
22,3,0.9,166.6794515085448,2024-03-23,2024-02-24,quantile,wk inc flu hosp
23,3,0.9,161.86857244210773,2024-03-23,2024-02-24,quantile,wk inc flu hosp
24,3,0.9,212.05507361971794,2024-03-23,2024-02-24,quantile,wk inc flu hosp
25,3,0.9,662.0382664322442,2024-03-23,2024-02-24,quantile,wk inc flu hosp
26,3,0.9,1047.9199659770059,2024-03-23,2024-02-24,quantile,wk inc flu hosp
27,3,0.9,226.88982878857888,2024-03-23,2024-02-24,quantile,wk inc flu hosp
28,3,0.9,149.87680792025216,2024-03-23,2024-02-24,quantile,wk inc flu hosp
29,3,0.9,429.5476166420763,2024-03-23,2024-02-24,quantile,wk inc flu hosp
30,3,0.9,16.11054362519976,2024-03-23,2024-02-24,quantile,wk inc flu hosp
31,3,0.9,109.27654180703759,2024-03-23,2024-02-24,quantile,wk inc flu hosp
32,3,0.9,130.03748358151623,2024-03-23,2024-02-24,quantile,wk inc flu hosp
33,3,0.9,82.49515494312097,2024-03-23,2024-02-24,quantile,wk inc flu hosp
34,3,0.9,588.5563316053154,2024-03-23,2024-02-24,quantile,wk inc flu hosp
35,3,0.9,157.37596630935673,2024-03-23,2024-02-24,quantile,wk inc flu hosp
36,3,0.9,895.6355297193751,2024-03-23,2024-02-24,quantile,wk inc flu hosp
37,3,0.9,341.58899371341596,2024-03-23,2024-02-24,quantile,wk inc flu hosp
38,3,0.9,66.09761223879273,2024-03-23,2024-02-24,quantile,wk inc flu hosp
39,3,0.9,593.0829444374734,2024-03-23,2024-02-24,quantile,wk inc flu hosp
40,3,0.9,392.8635838082803,2024-03-23,2024-02-24,quantile,wk inc flu hosp
41,3,0.9,128.50262757047494,2024-03-23,2024-02-24,quantile,wk inc flu hosp
42,3,0.9,874.6670844833205,2024-03-23,2024-02-24,quantile,wk inc flu hosp
44,3,0.9,80.69268276906998,2024-03-23,2024-02-24,quantile,wk inc flu hosp
45,3,0.9,236.90247994866095,2024-03-23,2024-02-24,quantile,wk inc flu hosp
46,3,0.9,102.55319483677935,2024-03-23,2024-02-24,quantile,wk inc flu hosp
47,3,0.9,309.04833671946386,2024-03-23,2024-02-24,quantile,wk inc flu hosp
48,3,0.9,813.5962602860762,2024-03-23,2024-02-24,quantile,wk inc flu hosp
49,3,0.9,56.38399992510031,2024-03-23,2024-02-24,quantile,wk inc flu hosp
50,3,0.9,42.452758218891475,2024-03-23,2024-02-24,quantile,wk inc flu hosp
51,3,0.9,414.26518270402164,2024-03-23,2024-02-24,quantile,wk inc flu hosp
53,3,0.9,166.47539961344035,2024-03-23,2024-02-24,quantile,wk inc flu hosp
54,3,0.9,344.58155628267696,2024-03-23,2024-02-24,quantile,wk inc flu hosp
55,3,0.9,311.87595375487103,2024-03-23,2024-02-24,quantile,wk inc flu hosp
56,3,0.9,122.24016028905032,2024-03-23,2024-02-24,quantile,wk inc flu hosp
72,3,0.9,150.55452263685038,2024-03-23,2024-02-24,quantile,wk inc flu hosp
US,3,0.9,12408.660828181595,2024-03-23,2024-02-24,quantile,wk inc flu hosp
01,3,0.95,355.16653976382776,2024-03-23,2024-02-24,quantile,wk inc flu hosp
02,3,0.95,27.67714092952014,2024-03-23,2024-02-24,quantile,wk inc flu hosp
04,3,0.95,343.2931828852558,2024-03-23,2024-02-24,quantile,wk inc flu hosp
05,3,0.95,308.3702539724306,2024-03-23,2024-02-24,quantile,wk inc flu hosp
06,3,0.95,736.0636421147503,2024-03-23,2024-02-24,quantile,wk inc flu hosp
08,3,0.95,193.91127339417267,2024-03-23,2024-02-24,quantile,wk inc flu hosp
09,3,0.95,237.42834100689032,2024-03-23,2024-02-24,quantile,wk inc flu hosp
10,3,0.95,137.642315748588,2024-03-23,2024-02-24,quantile,wk inc flu hosp
11,3,0.95,71.62037559673459,2024-03-23,2024-02-24,quantile,wk inc flu hosp
12,3,0.95,925.7657833430876,2024-03-23,2024-02-24,quantile,wk inc flu hosp
13,3,0.95,318.2813242455153,2024-03-23,2024-02-24,quantile,wk inc flu hosp
15,3,0.95,67.60334348722854,2024-03-23,2024-02-24,quantile,wk inc flu hosp
16,3,0.95,174.6705454121883,2024-03-23,2024-02-24,quantile,wk inc flu hosp
17,3,0.95,514.5187268582525,2024-03-23,2024-02-24,quantile,wk inc flu hosp
18,3,0.95,493.4170899002604,2024-03-23,2024-02-24,quantile,wk inc flu hosp
19,3,0.95,245.93730489194704,2024-03-23,2024-02-24,quantile,wk inc flu hosp
20,3,0.95,298.9108449754683,2024-03-23,2024-02-24,quantile,wk inc flu hosp
21,3,0.95,565.0604676106896,2024-03-23,2024-02-24,quantile,wk inc flu hosp
22,3,0.95,201.0733411491115,2024-03-23,2024-02-24,quantile,wk inc flu hosp
23,3,0.95,209.94157902130542,2024-03-23,2024-02-24,quantile,wk inc flu hosp
24,3,0.95,254.3510686586871,2024-03-23,2024-02-24,quantile,wk inc flu hosp
25,3,0.95,808.8448173621541,2024-03-23,2024-02-24,quantile,wk inc flu hosp
26,3,0.95,1250.8930915713756,2024-03-23,2024-02-24,quantile,wk inc flu hosp
27,3,0.95,274.6514218704898,2024-03-23,2024-02-24,quantile,wk inc flu hosp
28,3,0.95,189.13728907513385,2024-03-23,2024-02-24,quantile,wk inc flu hosp
29,3,0.95,517.5560751527646,2024-03-23,2024-02-24,quantile,wk inc flu hosp
30,3,0.95,25.512676027664124,2024-03-23,2024-02-24,quantile,wk inc flu hosp
31,3,0.95,129.46225008418787,2024-03-23,2024-02-24,quantile,wk inc flu hosp
32,3,0.95,164.58088392653198,2024-03-23,2024-02-24,quantile,wk inc flu hosp
33,3,0.95,107.15869871947532,2024-03-23,2024-02-24,quantile,wk inc flu hosp
34,3,0.95,730.8958616481622,2024-03-23,2024-02-24,quantile,wk inc flu hosp
35,3,0.95,201.0851156396953,2024-03-23,2024-02-24,quantile,wk inc flu hosp
36,3,0.95,1045.2037335579344,2024-03-23,2024-02-24,quantile,wk inc flu hosp
37,3,0.95,419.95293327720276,2024-03-23,2024-02-24,quantile,wk inc flu hosp
38,3,0.95,97.23194350213546,2024-03-23,2024-02-24,quantile,wk inc flu hosp
39,3,0.95,710.9821303294584,2024-03-23,2024-02-24,quantile,wk inc flu hosp
40,3,0.95,490.5156784657358,2024-03-23,2024-02-24,quantile,wk inc flu hosp
41,3,0.95,151.97923442230442,2024-03-23,2024-02-24,quantile,wk inc flu hosp
42,3,0.95,1061.686226927657,2024-03-23,2024-02-24,quantile,wk inc flu hosp
44,3,0.95,102.93380800385358,2024-03-23,2024-02-24,quantile,wk inc flu hosp
45,3,0.95,285.9803725546527,2024-03-23,2024-02-24,quantile,wk inc flu hosp
46,3,0.95,150.65852705592317,2024-03-23,2024-02-24,quantile,wk inc flu hosp
47,3,0.95,393.2301233831489,2024-03-23,2024-02-24,quantile,wk inc flu hosp
48,3,0.95,919.7016756796787,2024-03-23,2024-02-24,quantile,wk inc flu hosp
49,3,0.95,75.29341165854889,2024-03-23,2024-02-24,quantile,wk inc flu hosp
50,3,0.95,58.109880012272654,2024-03-23,2024-02-24,quantile,wk inc flu hosp
51,3,0.95,484.1396024804591,2024-03-23,2024-02-24,quantile,wk inc flu hosp
53,3,0.95,219.42788935366963,2024-03-23,2024-02-24,quantile,wk inc flu hosp
54,3,0.95,417.0127435268021,2024-03-23,2024-02-24,quantile,wk inc flu hosp
55,3,0.95,377.5058157176518,2024-03-23,2024-02-24,quantile,wk inc flu hosp
56,3,0.95,160.47536269894508,2024-03-23,2024-02-24,quantile,wk inc flu hosp
72,3,0.95,191.60859453801345,2024-03-23,2024-02-24,quantile,wk inc flu hosp
US,3,0.95,14443.65960653584,2024-03-23,2024-02-24,quantile,wk inc flu hosp
01,3,0.975,435.47357331938406,2024-03-23,2024-02-24,quantile,wk inc flu hosp
02,3,0.975,41.192354534734726,2024-03-23,2024-02-24,quantile,wk inc flu hosp
04,3,0.975,444.9874676257071,2024-03-23,2024-02-24,quantile,wk inc flu hosp
05,3,0.975,370.41005334624657,2024-03-23,2024-02-24,quantile,wk inc flu hosp
06,3,0.975,841.0324631993503,2024-03-23,2024-02-24,quantile,wk inc flu hosp
08,3,0.975,224.70161295962177,2024-03-23,2024-02-24,quantile,wk inc flu hosp
09,3,0.975,302.4967778938213,2024-03-23,2024-02-24,quantile,wk inc flu hosp
10,3,0.975,196.87357034110394,2024-03-23,2024-02-24,quantile,wk inc flu hosp
11,3,0.975,93.83195107183538,2024-03-23,2024-02-24,quantile,wk inc flu hosp
12,3,0.975,1115.6725632982032,2024-03-23,2024-02-24,quantile,wk inc flu hosp
13,3,0.975,381.8622180070543,2024-03-23,2024-02-24,quantile,wk inc flu hosp
15,3,0.975,87.23686660590751,2024-03-23,2024-02-24,quantile,wk inc flu hosp
16,3,0.975,218.9329991414438,2024-03-23,2024-02-24,quantile,wk inc flu hosp
17,3,0.975,597.8696866675938,2024-03-23,2024-02-24,quantile,wk inc flu hosp
18,3,0.975,581.6877741385565,2024-03-23,2024-02-24,quantile,wk inc flu hosp
19,3,0.975,299.72979387268583,2024-03-23,2024-02-24,quantile,wk inc flu hosp
20,3,0.975,344.4259941161967,2024-03-23,2024-02-24,quantile,wk inc flu hosp
21,3,0.975,675.9091785503407,2024-03-23,2024-02-24,quantile,wk inc flu hosp
22,3,0.975,266.0511586441477,2024-03-23,2024-02-24,quantile,wk inc flu hosp
23,3,0.975,263.93544557008937,2024-03-23,2024-02-24,quantile,wk inc flu hosp
24,3,0.975,290.21814918098545,2024-03-23,2024-02-24,quantile,wk inc flu hosp
25,3,0.975,916.5678521223556,2024-03-23,2024-02-24,quantile,wk inc flu hosp
26,3,0.975,1488.991867043054,2024-03-23,2024-02-24,quantile,wk inc flu hosp
27,3,0.975,321.8960393419191,2024-03-23,2024-02-24,quantile,wk inc flu hosp
28,3,0.975,251.1013642313093,2024-03-23,2024-02-24,quantile,wk inc flu hosp
29,3,0.975,629.442180728123,2024-03-23,2024-02-24,quantile,wk inc flu hosp
30,3,0.975,34.329493887327494,2024-03-23,2024-02-24,quantile,wk inc flu hosp
31,3,0.975,166.34153133911747,2024-03-23,2024-02-24,quantile,wk inc flu hosp
32,3,0.975,201.04307029259303,2024-03-23,2024-02-24,quantile,wk inc flu hosp
33,3,0.975,134.54655756415804,2024-03-23,2024-02-24,quantile,wk inc flu hosp
34,3,0.975,834.3463484809016,2024-03-23,2024-02-24,quantile,wk inc flu hosp
35,3,0.975,243.56747835110332,2024-03-23,2024-02-24,quantile,wk inc flu hosp
36,3,0.975,1178.5105046068807,2024-03-23,2024-02-24,quantile,wk inc flu hosp
37,3,0.975,484.5234069150599,2024-03-23,2024-02-24,quantile,wk inc flu hosp
38,3,0.975,134.7669391247447,2024-03-23,2024-02-24,quantile,wk inc flu hosp
39,3,0.975,794.1642461905844,2024-03-23,2024-02-24,quantile,wk inc flu hosp
40,3,0.975,562.7825151741192,2024-03-23,2024-02-24,quantile,wk inc flu hosp
41,3,0.975,189.0037855716879,2024-03-23,2024-02-24,quantile,wk inc flu hosp
42,3,0.975,1258.2388641580592,2024-03-23,2024-02-24,quantile,wk inc flu hosp
44,3,0.975,127.58119640121328,2024-03-23,2024-02-24,quantile,wk inc flu hosp
45,3,0.975,355.65319442314245,2024-03-23,2024-02-24,quantile,wk inc flu hosp
46,3,0.975,184.65596409460375,2024-03-23,2024-02-24,quantile,wk inc flu hosp
47,3,0.975,482.180764922054,2024-03-23,2024-02-24,quantile,wk inc flu hosp
48,3,0.975,1039.2304329395474,2024-03-23,2024-02-24,quantile,wk inc flu hosp
49,3,0.975,94.0160394193084,2024-03-23,2024-02-24,quantile,wk inc flu hosp
50,3,0.975,73.24978430971133,2024-03-23,2024-02-24,quantile,wk inc flu hosp
51,3,0.975,560.0542796000676,2024-03-23,2024-02-24,quantile,wk inc flu hosp
53,3,0.975,268.1761013367174,2024-03-23,2024-02-24,quantile,wk inc flu hosp
54,3,0.975,505.02630132964765,2024-03-23,2024-02-24,quantile,wk inc flu hosp
55,3,0.975,426.1134285814592,2024-03-23,2024-02-24,quantile,wk inc flu hosp
56,3,0.975,217.90361555133194,2024-03-23,2024-02-24,quantile,wk inc flu hosp
72,3,0.975,221.68234723354232,2024-03-23,2024-02-24,quantile,wk inc flu hosp
US,3,0.975,16239.221733314944,2024-03-23,2024-02-24,quantile,wk inc flu hosp
01,3,0.99,492.1937366479352,2024-03-23,2024-02-24,quantile,wk inc flu hosp
02,3,0.99,62.942882085717095,2024-03-23,2024-02-24,quantile,wk inc flu hosp
04,3,0.99,584.9703571825343,2024-03-23,2024-02-24,quantile,wk inc flu hosp
05,3,0.99,458.75189795484437,2024-03-23,2024-02-24,quantile,wk inc flu hosp
06,3,0.99,1108.6253455355943,2024-03-23,2024-02-24,quantile,wk inc flu hosp
08,3,0.99,275.04282430505435,2024-03-23,2024-02-24,quantile,wk inc flu hosp
09,3,0.99,366.79829988125755,2024-03-23,2024-02-24,quantile,wk inc flu hosp
10,3,0.99,259.89882620682056,2024-03-23,2024-02-24,quantile,wk inc flu hosp
11,3,0.99,121.18306203725506,2024-03-23,2024-02-24,quantile,wk inc flu hosp
12,3,0.99,1351.5284436166228,2024-03-23,2024-02-24,quantile,wk inc flu hosp
13,3,0.99,442.451204682756,2024-03-23,2024-02-24,quantile,wk inc flu hosp
15,3,0.99,121.09132576100372,2024-03-23,2024-02-24,quantile,wk inc flu hosp
16,3,0.99,294.72675391183606,2024-03-23,2024-02-24,quantile,wk inc flu hosp
17,3,0.99,744.3465677903752,2024-03-23,2024-02-24,quantile,wk inc flu hosp
18,3,0.99,616.0024062405317,2024-03-23,2024-02-24,quantile,wk inc flu hosp
19,3,0.99,433.12051832769873,2024-03-23,2024-02-24,quantile,wk inc flu hosp
20,3,0.99,436.27981469290546,2024-03-23,2024-02-24,quantile,wk inc flu hosp
21,3,0.99,823.631443858727,2024-03-23,2024-02-24,quantile,wk inc flu hosp
22,3,0.99,318.43608214511437,2024-03-23,2024-02-24,quantile,wk inc flu hosp
23,3,0.99,328.68711525235204,2024-03-23,2024-02-24,quantile,wk inc flu hosp
24,3,0.99,336.47036949194023,2024-03-23,2024-02-24,quantile,wk inc flu hosp
25,3,0.99,1017.6235664750254,2024-03-23,2024-02-24,quantile,wk inc flu hosp
26,3,0.99,1828.1014694513442,2024-03-23,2024-02-24,quantile,wk inc flu hosp
27,3,0.99,367.71977707576735,2024-03-23,2024-02-24,quantile,wk inc flu hosp
28,3,0.99,297.68851114215846,2024-03-23,2024-02-24,quantile,wk inc flu hosp
29,3,0.99,767.8311167873172,2024-03-23,2024-02-24,quantile,wk inc flu hosp
30,3,0.99,45.888542958289335,2024-03-23,2024-02-24,quantile,wk inc flu hosp
31,3,0.99,189.56681661084906,2024-03-23,2024-02-24,quantile,wk inc flu hosp
32,3,0.99,243.1057075180536,2024-03-23,2024-02-24,quantile,wk inc flu hosp
33,3,0.99,162.36618376276516,2024-03-23,2024-02-24,quantile,wk inc flu hosp
34,3,0.99,972.9062024310322,2024-03-23,2024-02-24,quantile,wk inc flu hosp
35,3,0.99,308.12196473638676,2024-03-23,2024-02-24,quantile,wk inc flu hosp
36,3,0.99,1371.0967655809077,2024-03-23,2024-02-24,quantile,wk inc flu hosp
37,3,0.99,603.3736908973233,2024-03-23,2024-02-24,quantile,wk inc flu hosp
38,3,0.99,160.5002094164055,2024-03-23,2024-02-24,quantile,wk inc flu hosp
39,3,0.99,971.7756380612257,2024-03-23,2024-02-24,quantile,wk inc flu hosp
40,3,0.99,756.1045386450214,2024-03-23,2024-02-24,quantile,wk inc flu hosp
41,3,0.99,238.44584527056563,2024-03-23,2024-02-24,quantile,wk inc flu hosp
42,3,0.99,1463.0614150296003,2024-03-23,2024-02-24,quantile,wk inc flu hosp
44,3,0.99,164.1620407346417,2024-03-23,2024-02-24,quantile,wk inc flu hosp
45,3,0.99,429.7166511379677,2024-03-23,2024-02-24,quantile,wk inc flu hosp
46,3,0.99,248.2280412967571,2024-03-23,2024-02-24,quantile,wk inc flu hosp
47,3,0.99,581.6535944561916,2024-03-23,2024-02-24,quantile,wk inc flu hosp
48,3,0.99,1209.4094390389598,2024-03-23,2024-02-24,quantile,wk inc flu hosp
49,3,0.99,113.66232186581651,2024-03-23,2024-02-24,quantile,wk inc flu hosp
50,3,0.99,94.67910656310269,2024-03-23,2024-02-24,quantile,wk inc flu hosp
51,3,0.99,684.4956600306491,2024-03-23,2024-02-24,quantile,wk inc flu hosp
53,3,0.99,402.1693322204244,2024-03-23,2024-02-24,quantile,wk inc flu hosp
54,3,0.99,608.1394395484402,2024-03-23,2024-02-24,quantile,wk inc flu hosp
55,3,0.99,487.38657191756903,2024-03-23,2024-02-24,quantile,wk inc flu hosp
56,3,0.99,301.81474490287434,2024-03-23,2024-02-24,quantile,wk inc flu hosp
72,3,0.99,256.2573714014415,2024-03-23,2024-02-24,quantile,wk inc flu hosp
US,3,0.99,18822.108114998406,2024-03-23,2024-02-24,quantile,wk inc flu hosp
